0.0 13.215370964
0.01 0.5909087652172494
0.02 0.3595409384515932
0.03 0.3118991731231305
0.04 0.332334022263956
0.05 0.25094412924726495
0.06 0.16710967447958888
0.07 0.1535593383327527
0.08 0.06275517925137869
0.09 0.02732091722646763
0.1 0.057152840767622885
0.11 0.054415908436195634
0.12 0.034986470886979884
0.13 0.03246045147230538
0.14 0.05328234631977761
0.15 0.05168194977317381
0.16 0.042516459209430486
0.17 0.08304291108279306
0.18 0.054259610206599675
0.19 0.032559694370873166
0.2 0.028804007960924347
0.21 0.05984817215252618
0.22 0.009218892240692446
0.23 0.03529091269154452
0.24 0.03903814629257125
0.25 0.06515340747217412
0.26 0.0573498209441642
0.27 0.04606545114417155
0.28 0.052081084215899874
0.29 0.04322964605717809
0.3 0.03886077316365776
0.31 0.04785008666327805
0.32 0.07958072549850169
0.33 0.30955018879455715
0.34 0.159789132053655
0.35 0.05923865798995901
0.36 0.018825164925504997
0.37 0.017209732636856306
0.38 0.025052908992039786
0.39 0.01381293331772188
0.4 0.02429590984961331
0.41 0.020303723712175124
0.42 0.015955476805177286
0.43 0.020063881994495287
0.44 0.0323637351128386
0.45 0.03829068038255123
0.46 0.02198992754538614
0.47 0.022606314100908517
0.48 0.05193293450325835
0.49 0.0474533162900549
0.5 0.015944516870958363
0.51 0.05538137707576905
0.52 0.048625699859922884
0.53 0.02374225480288032
0.54 0.036307943121593786
0.55 0.045009754768939
0.56 0.025194271109916424
0.57 0.028083304368716974
0.58 0.043203824949235345
0.59 0.02363185320047714
0.6 0.008135569362756629
0.61 0.03854706757271062
0.62 0.025756449909139573
0.63 0.028571263414412296
0.64 0.046280608477179616
0.65 0.054341422499724144
0.66 0.06862122254887641
0.67 0.08423366699267536
0.68 0.021169926520632446
0.69 0.027564094089768232
0.7 0.021668777136767143
0.71 0.03216440201392406
0.72 0.01389444269107913
0.73 0.026637576192581763
0.74 0.03589370462262741
0.75 0.025375365500122014
0.76 0.025725417312641923
0.77 0.01806139710604332
0.78 0.03267695722398723
0.79 0.02906247241900887
0.8 0.01248144157391368
0.81 0.03778283598051032
0.82 0.03597833523844877
0.83 0.01628064753303894
0.84 0.037637246626226986
0.85 0.03391513048120733
0.86 0.03490778752043634
0.87 0.020894382052490054
0.88 0.030537189397376433
0.89 0.02618887914972856
0.9 0.02045599536469047
0.91 0.03139425211745976
0.92 0.037583441642708014
0.93 0.011089545248475658
0.94 0.031832915229791744
0.95 0.03485172932862249
0.96 0.043410041529512604
0.97 0.0271815628946231
0.98 0.028083099869933528
0.99 0.020290180066744636
1.0 0.12349474760470797
1.01 0.00456950617251696
1.02 0.02054257372088821
1.03 0.019662291623594338
1.04 0.008004203053262939
1.05 0.01848032476241029
1.06 0.03550684341900567
1.07 0.027144073527165077
1.08 0.01779198727796989
1.09 0.02319086335666674
1.1 0.01345634279699241
1.11 0.022793874821349546
1.12 0.03353473681599774
1.13 0.02379816508379548
1.14 0.011638144487164602
1.15 0.016651952272345658
1.16 0.02855026049745033
1.17 0.023433656326020704
1.18 0.016252896470223415
1.19 0.023469386386695452
1.2 0.016111127553409325
1.21 0.004676798397679814
1.22 0.017425880908099812
1.23 0.016751248899282464
1.24 0.018264421383318182
1.25 0.02693977245144689
1.26 0.028212503953836784
1.27 0.015120222967062601
1.28 0.019415083583235286
1.29 0.020210336432208393
1.3 0.025975838097555038
1.31 0.02091552088802689
1.32 0.036668928243494374
1.33 0.03630094623093221
1.34 0.028474441764419968
1.35 0.024132491883674945
1.36 0.04128955708946625
1.37 0.0231374722652394
1.38 0.015982292082542926
1.39 0.01900096055702866
1.4 0.028963729348570496
1.41 0.023623203901299617
1.42 0.021807383220160036
1.43 0.0226088133265227
1.44 0.013438301835808904
1.45 0.012531424901130536
1.46 0.02982526395462235
1.47 0.0328443064553869
1.48 0.02221714227149164
1.49 0.011916094355764054
1.5 0.01586646215575481
1.51 0.0179182142090247
1.52 0.01612526740344745
1.53 0.029529930647834494
1.54 0.023619656671617507
1.55 0.01872516620584603
1.56 0.028136550236535312
1.57 0.03569394794001465
1.58 0.021968251361520395
1.59 0.012369712976747358
1.6 0.025826077750787067
1.61 0.017711438293988947
1.62 0.02542191921866573
1.63 0.02703562770170864
1.64 0.02468645534851959
1.65 0.020338004297640856
1.66 0.022509713402267303
1.67 0.06392660744938053
1.68 0.012625702998541436
1.69 0.013902930958552835
1.7 0.023548438402459154
1.71 0.024737036015275254
1.72 0.018713996842095695
1.73 0.03302212355836562
1.74 0.025612494633110203
1.75 0.011702486535502172
1.76 0.021571962176739335
1.77 0.023437639590832168
1.78 0.01961511583327164
1.79 0.008786981788542331
1.8 0.011965335970500026
1.81 0.03417489702396744
1.82 0.02006953212134096
1.83 0.04419401876743562
1.84 0.039567588254157404
1.85 0.0171772041648881
1.86 0.014528850875859511
1.87 0.030367310516278754
1.88 0.018308693261677018
1.89 0.011323630106601326
1.9 0.018751019857896324
1.91 0.021977233758925584
1.92 0.017857911653105327
1.93 0.016733660632168076
1.94 0.02559271524732507
1.95 0.0011612385286259702
1.96 0.0038343273955067053
1.97 0.018972088234899466
1.98 0.0177119162769813
1.99 0.0075720382310405215
2.0 0.024100309635032697
2.01 0.010673433551927385
2.02 0.019471273392845326
2.03 0.01702471714521649
2.04 0.0181824651358282
2.05 0.0056357689114592555
2.06 0.004204906771473968
2.07 0.016663491434487702
2.08 0.024242644948214292
2.09 0.00938185131075951
2.1 0.015891035713924466
2.11 0.013440766459922246
2.12 0.02504617463104717
2.13 0.0076597483587330425
2.14 0.01428298864935512
2.15 0.009476150055117658
2.16 0.014659479069589525
2.17 0.024634554062619957
2.18 0.020839565284057244
2.19 0.022750807541320785
2.2 0.010769663033313037
2.21 0.010455977484615724
2.22 0.019417683564457475
2.23 0.01915239645131086
2.24 0.019703060275159088
2.25 0.021605072453966
2.26 0.00376358051380142
2.27 0.009054026660811378
2.28 0.020861008919733234
2.29 0.017292006259533556
2.3 0.003948840750510303
2.31 0.009908121838065304
2.32 0.017618257801168755
2.33 0.03764870082287376
2.34 0.05619215635169024
2.35 0.018946818814704086
2.36 0.014137574480747513
2.37 0.013961320998067362
2.38 0.02614022606460684
2.39 0.02854316173508813
2.4 0.01590768233239987
2.41 0.016629184193789906
2.42 0.022475771740199425
2.43 0.0193891687544093
2.44 0.01598881105112487
2.45 0.01791812889561822
2.46 0.014162223451322776
2.47 0.0030415414809017386
2.48 0.014833258523080784
2.49 0.02050221418894548
2.5 0.006469883860070598
2.51 0.01376881036835368
2.52 0.014337709494065497
2.53 0.01623518129117768
2.54 0.014493807070689453
2.55 0.02206471179525397
2.56 0.008351483262500112
2.57 0.005605818424209362
2.58 0.014556614762157052
2.59 0.021917402063837105
2.6 0.0090371719659923
2.61 0.006174133080712993
2.62 0.012661875703321094
2.63 0.026354651081751713
2.64 0.004225972087456495
2.65 0.019966334286130982
2.66 0.0331049468405647
2.67 0.021044090205782306
2.68 0.017923657355680734
2.69 0.025879067608684928
2.7 0.018744841151408512
2.71 0.0056327180833657476
2.72 0.018112298908839038
2.73 0.0316576291064541
2.74 0.009380373266778286
2.75 0.012870313728913214
2.76 0.012194245484501959
2.77 0.013468390489702574
2.78 0.003453371247265324
2.79 0.01655530793562003
2.8 0.015683087996251656
2.81 0.008985626552877253
2.82 0.01838136858272742
2.83 0.030276377288272042
2.84 0.017550350536758953
2.85 0.009532794408051869
2.86 0.01044664877232667
2.87 0.019487935970831417
2.88 0.012158709113013973
2.89 0.017159540220776294
2.9 0.01316499672806834
2.91 0.006376691535171756
2.92 0.0057454548049260526
2.93 0.019798846232795174
2.94 0.008546421358368209
2.95 0.010777894425492714
2.96 0.02517014633475849
2.97 0.023067877973099792
2.98 0.014604863929699981
2.99 0.011918653515798494
3.0 0.02125534632276969
3.01 0.009431768310725954
3.02 0.0036172835193314886
3.03 0.014107617566395706
3.04 0.01416822235930562
3.05 0.0031382430807689334
3.06 0.007529030912501655
3.07 0.02156599138510478
3.08 0.005513008554912902
3.09 0.009785410876785193
3.1 0.014736394374058744
3.11 0.013223832350618558
3.12 0.012713430087467371
3.13 0.019866271818181663
3.14 0.030564602489894264
3.15 0.016384299284261748
3.16 0.01707980500681273
3.17 0.021832177643413893
3.18 0.015179124706296183
3.19 0.019266726034078325
3.2 0.030380366808762008
3.21 0.01899377758527663
3.22 0.012764266589313579
3.23 0.027794598108411325
3.24 0.02365370328203778
3.25 0.01197018333126527
3.26 0.01534481610750199
3.27 0.025008387466788195
3.28 0.021499694543231626
3.29 0.018403522637359306
3.3 0.030750419681981382
3.31 0.011990355901298861
3.32 0.0037007626583507648
3.33 0.022434452811229532
3.34 0.004521743029291832
3.35 0.012894532091180631
3.36 0.013367376533833901
3.37 0.017553030430456175
3.38 0.019910670468333894
3.39 0.011718169079298167
3.4 0.022818891170516355
3.41 0.011355373053559591
3.42 0.004345457181583893
3.43 0.0026767420631262254
3.44 0.01992394672241784
3.45 0.010721184613584548
3.46 0.0056763517196531405
3.47 0.01244634727988677
3.48 0.008333978065706212
3.49 0.009048673309313011
3.5 0.030013722299465855
3.51 0.010669154947327234
3.52 0.0025588189496979184
3.53 0.0032011456800880352
3.54 0.022918800111019887
3.55 0.011404930344455973
3.56 0.012164606660178155
3.57 0.008827421884582923
3.58 0.012988112876970761
3.59 0.00793994938855849
3.6 0.01258215185868294
3.61 0.009540649693921674
3.62 0.011803339425477686
3.63 0.006535814313445162
3.64 0.011947566971352108
3.65 0.020237619569165727
3.66 0.0069061135445332225
3.67 0.011391297868134207
3.68 0.014426744113512599
3.69 0.01678698353803785
3.7 0.004715778219806344
3.71 0.01939898237302096
3.72 0.006993395886445631
3.73 0.004709870844964632
3.74 0.013944690026676778
3.75 0.020789906550385883
3.76 0.0053897723233220516
3.77 0.010291080895919439
3.78 0.015982077395829623
3.79 0.01772963173947054
3.8 0.011232581538893761
3.81 0.019003237880868912
3.82 0.007841098675951822
3.83 0.008983877824306982
3.84 0.011614217549523196
3.85 0.018149490110159205
3.86 0.013714685311215793
3.87 0.010805395994671273
3.88 0.009352561457429005
3.89 0.012713597855679755
3.9 0.009088107548776972
3.91 0.01813589868146332
3.92 0.004018354561952914
3.93 0.0157977359000407
3.94 0.005443664442610211
3.95 0.019076349394177714
3.96 0.015122270409979027
3.97 0.012168518909990458
3.98 0.013233741978265478
3.99 0.022294261923984437
4.0 0.005528439191140449
4.01 0.020902145467063357
4.02 0.01641180254935513
4.03 0.009976768028835943
4.04 0.010828609671108715
4.05 0.02238467271003934
4.06 0.020863806488142362
4.07 0.002624882078310736
4.08 0.00400989157155041
4.09 0.011579411570382253
4.1 0.009658723443667791
4.11 0.009789672798653724
4.12 0.008386952942041425
4.13 0.015536697700683675
4.14 0.012428646641500554
4.15 0.020953578937920714
4.16 0.017942740557161108
4.17 0.009791214097244578
4.18 0.009528997940698163
4.19 0.015474573798801862
4.2 0.015417219588848887
4.21 0.001991592353096754
4.22 0.007619225577520856
4.23 0.021469960350490088
4.24 0.007904568964182415
4.25 0.012671799993783445
4.26 0.026670937655572893
4.27 0.007024722999008627
4.28 0.009050121953780268
4.29 0.01261766097340125
4.3 0.00914437274960182
4.31 0.008297604438136498
4.32 0.010079147622246647
4.33 0.005732065835239016
4.34 0.008829516957676763
4.35 0.016199797792119493
4.36 0.019998064263052326
4.37 0.004149505351102099
4.38 0.013448792646716345
4.39 0.010246514380586406
4.4 0.00872607597535026
4.41 0.0033860152124376495
4.42 0.011455274325078665
4.43 0.003407028271379632
4.44 0.009715917836738041
4.45 0.0035335379434730746
4.46 0.008826377915056964
4.47 0.004618264897565923
4.48 0.016532780523995455
4.49 0.01566133521548418
4.5 0.025682902012731323
4.51 0.007083929742352693
4.52 0.01351490880590597
4.53 0.008980814881773382
4.54 0.009918109585099482
4.55 0.007501712761138458
4.56 0.014422826383704282
4.57 0.016975400991533968
4.58 0.01250168405060769
4.59 0.006629282389516773
4.6 0.010822532313160032
4.61 0.008644378306586887
4.62 0.009513592481707524
4.63 0.0161399879982379
4.64 0.009854360828401207
4.65 0.008669895209586507
4.66 0.005059836320706565
4.67 0.013577749291709063
4.68 0.012505232112262421
4.69 0.003898665704101808
4.7 0.00918778548274199
4.71 0.018055920146063525
4.72 0.004252882421708101
4.73 0.011246968290923642
4.74 0.01346448159768485
4.75 0.007387089533647088
4.76 0.005596648371087145
4.77 0.015366940249424185
4.78 0.005650445892931518
4.79 0.01357845455022733
4.8 0.021674029396236444
4.81 0.018051430050524998
4.82 0.014829904762179448
4.83 0.008608353546562947
4.84 0.007751568529573282
4.85 0.009766954488806675
4.86 0.022183164181068308
4.87 0.02277944025088447
4.88 0.001640408692886761
4.89 0.009320356857123818
4.9 0.017328045010414385
4.91 0.010951150800662708
4.92 0.008791583077708161
4.93 0.011408191067744692
4.94 0.005324150470409283
4.95 0.005102416289668208
4.96 0.0034065566690741947
4.97 0.02146098747911383
4.98 0.008011755748816336
4.99 0.006520615971485708
