0.0 0.04415188913665516
0.01 0.028515897894804
0.02 0.02207478115719741
0.03 0.048079640470676616
0.04 0.07704065013089374
0.05 0.007894830987522654
0.06 0.03522416866086784
0.07 0.015771473282955896
0.08 0.013219197849206393
0.09 0.0101665380434845
0.1 0.015924600266950462
0.11 0.005900010392427051
0.12 0.015718069614601003
0.13 0.030807340556609344
0.14 0.06606021552125621
0.15 0.023527850989513426
0.16 0.0171988230126917
0.17 0.00883958837037881
0.18 0.002568709629025717
0.19 0.003136230508038324
0.2 0.005298384190522388
0.21 0.002364373894444584
0.22 0.003146221836081336
0.23 0.001743277181523472
0.24 0.003605834689587969
0.25 0.0004285454363297754
0.26 0.0029202386682983415
0.27 0.0002754716598027527
0.28 0.0010446372305761755
0.29 0.00106113175260811
0.3 0.0005421615706384899
0.31 0.0013659298831553161
0.32 0.0006766978598458656
0.33 0.0016833159368879872
0.34 0.0008848878858990727
0.35 0.0010816844408762817
0.36 0.0006217894969581399
0.37 0.0006511603838095042
0.38 0.0006013159124498951
0.39 0.000650511620079315
0.4 0.000562040690831829
0.41 0.0006034766932975057
0.42 0.0005379942061583649
0.43 0.000649551821209723
0.44 0.0004207479576627334
0.45 0.0005191326448069028
0.46 0.0004978474310064564
0.47 0.0005194515777314887
0.48 0.00044380286823302056
0.49 0.00047302104073642564
0.5 0.00042841785116068474
0.51 0.0004191143956048953
0.52 0.00041361888323968775
0.53 0.00039961132022432163
0.54 0.0004079406830768282
0.55 0.0003651048955019182
0.56 0.0004027554790246097
0.57 0.00038361914501866643
0.58 0.0003746122008288167
0.59 0.00036641997459629954
0.6 0.00035609984287013634
0.61 0.00035278465562148085
0.62 0.00034138508984790444
0.63 0.00035069067101740523
0.64 0.00033897572259142977
0.65 0.00033948688745399853
0.66 0.0003181724373084454
0.67 0.0003233704320502471
0.68 0.00031528811332325453
0.69 0.0003114995781593418
0.7 0.0003023792139486698
0.71 0.00029945278716323387
0.72 0.000296980189881505
0.73 0.0002927291702830799
0.74 0.000288206846091409
0.75 0.0002813207544105379
0.76 0.00027989395908046806
0.77 0.0002767764514500766
0.78 0.00027291353109228165
0.79 0.00026871089043231276
0.8 0.0002656755798990206
0.81 0.0002626064799276141
0.82 0.0002581477509843837
0.83 0.0002546256437026519
0.84 0.0002520165027869576
0.85 0.0002496583520356604
0.86 0.0002461064891046016
0.87 0.0002430574290977554
0.88 0.00024041475616391744
0.89 0.0002380356602880766
0.9 0.00023495786900250537
0.91 0.00023234203603292162
0.92 0.0002298474967280455
0.93 0.0002275014979071454
0.94 0.00022520263156463848
0.95 0.0002223491510310055
0.96 0.000220153020746294
0.97 0.0002179741412215293
0.98 0.00021571453712971998
0.99 0.00021342671624676167
1.0 0.00021128338519266996
1.01 0.00020923014966892805
1.02 0.00020711346003171057
1.03 0.00020506306410632828
1.04 0.00020301103700616488
1.05 0.0002013557798542196
1.06 0.00019935581850285302
1.07 0.00019740330688696248
1.08 0.00019568154772345688
1.09 0.0001938638628327035
1.1 0.00019213838656520341
1.11 0.00019038654601988476
1.12 0.00018873874982774878
1.13 0.0001870935930555929
1.14 0.00018549642090740786
1.15 0.0001838597500248522
1.16 0.00018227984342766458
1.17 0.00018074947150577592
1.18 0.00017926245575373794
1.19 0.00017778622362443102
1.2 0.00017633748422916655
1.21 0.00017490615726378097
1.22 0.00017350536694014864
1.23 0.00017214463788440602
1.24 0.0001707400078995239
1.25 0.00016944585239735753
1.26 0.00016814033849781647
1.27 0.00016683651023060222
1.28 0.0001656249144001008
1.29 0.00016434188170895477
1.3 0.00016311292904935143
1.31 0.00016189470373004325
1.32 0.00016075505178950877
1.33 0.00015959595154564415
1.34 0.00015844338963811968
1.35 0.00015726924464667317
1.36 0.0001562127472998426
1.37 0.0001551282369249383
1.38 0.00015402706686196103
1.39 0.00015295294876364188
1.4 0.0001519371662490429
1.41 0.00015091171259901578
1.42 0.00014987844901412072
1.43 0.00014888818282102805
1.44 0.00014791146948490711
1.45 0.0001469753018530756
1.46 0.00014598337151595304
1.47 0.0001450387211076471
1.48 0.00014410658116693022
1.49 0.00014320379472255182
1.5 0.00014229578288047282
1.51 0.0001414288385017509
1.52 0.00014055330508724873
1.53 0.00013968257140030738
1.54 0.00013884442416048403
1.55 0.00013800006660280188
1.56 0.00013716362525094492
1.57 0.0001363615880087989
1.58 0.00013555511051451034
1.59 0.00013475931414227217
1.6 0.00013397896988947013
1.61 0.0001332051870210024
1.62 0.00013243932645798517
1.63 0.000131693504078742
1.64 0.00013093345921316352
1.65 0.00013018136747530644
1.66 0.00012948227142769926
1.67 0.0001287754974695457
1.68 0.0001280611807904672
1.69 0.0001273651409682424
1.7 0.00012667289053606208
1.71 0.00012600437693617252
1.72 0.0001253353638953769
1.73 0.0001246603455981719
1.74 0.0001240124618568885
1.75 0.00012337071079047412
1.76 0.00012273688744773945
1.77 0.00012210415425615857
1.78 0.00012148739491621067
1.79 0.00012087748197835621
1.8 0.00012026167530584207
1.81 0.00011965715329496049
1.82 0.00011907736555087414
1.83 0.00011848473246370721
1.84 0.00011791180249255552
1.85 0.00011734134039997645
1.86 0.0001167616453867324
1.87 0.00011622579036917258
1.88 0.00011566356252276464
1.89 0.00011511273196572386
1.9 0.00011457971278664237
1.91 0.0001140494531186385
1.92 0.00011351904064089149
1.93 0.00011301437070060045
1.94 0.00011248630490159489
1.95 0.00011197914040600053
1.96 0.00011147447635129131
1.97 0.00011097885318514934
1.98 0.00011048211607383983
1.99 0.00010999517173841668
2.0 0.00010951734866772894
2.01 0.00010905115019555038
2.02 0.00010856714077168297
2.03 0.00010810434308378159
2.04 0.00010764724760951107
2.05 0.00010719164258928602
2.06 0.00010673736828326995
2.07 0.00010629082955672719
2.08 0.00010584845954259966
2.09 0.00010541374930595443
2.1 0.00010498904074483606
2.11 0.00010454737796292248
2.12 0.00010412886807655414
2.13 0.00010371771638181593
2.14 0.00010330044685190063
2.15 0.00010288746354656483
2.16 0.00010249020964103798
2.17 0.00010207948862188191
2.18 0.00010168995648762468
2.19 0.00010128983346255753
2.2 0.00010090758410512146
2.21 0.00010052149653391818
2.22 0.00010014151025402018
2.23 9.97668445128956e-05
2.24 9.939232865328849e-05
2.25 9.902325300241079e-05
2.26 9.86578172908408e-05
2.27 9.829417618432328e-05
2.28 9.794091398455868e-05
2.29 9.757656357263896e-05
2.3 9.72315116081494e-05
2.31 9.688492399506391e-05
2.32 9.654053828003776e-05
2.33 9.619295631696987e-05
2.34 9.586075960941653e-05
2.35 9.552487351926906e-05
2.36 9.519559611578927e-05
2.37 9.487111089537268e-05
2.38 9.454075949416873e-05
2.39 9.421945672731157e-05
2.4 9.39042068478771e-05
2.41 9.35903724612837e-05
2.42 9.327727992336297e-05
2.43 9.296327122496822e-05
2.44 9.266691260490225e-05
2.45 9.23562635637318e-05
2.46 9.205999282496714e-05
2.47 9.175402526551057e-05
2.48 9.146295925214556e-05
2.49 9.116888316209774e-05
2.5 9.088582604140262e-05
2.51 9.060393907224213e-05
2.52 9.031709839045664e-05
2.53 9.0032903463257e-05
2.54 8.975604827326012e-05
2.55 8.947752257006466e-05
2.56 8.920698840312261e-05
2.57 8.894102538969801e-05
2.58 8.866828762004461e-05
2.59 8.840221805116242e-05
2.6 8.81390422584308e-05
2.61 8.787878750338661e-05
2.62 8.762367419815902e-05
2.63 8.736851538792392e-05
2.64 8.710981077972397e-05
2.65 8.685910836250509e-05
2.66 8.661139637741718e-05
2.67 8.636340648579476e-05
2.68 8.611844767902812e-05
2.69 8.587984256868413e-05
2.7 8.563808928694617e-05
2.71 8.540276844851204e-05
2.72 8.516295333454943e-05
2.73 8.492757177850835e-05
2.74 8.470023368215311e-05
2.75 8.447509952597305e-05
2.76 8.424440313425742e-05
2.77 8.401823246743185e-05
2.78 8.379798381899163e-05
2.79 8.357364199082622e-05
2.8 8.335889785019775e-05
2.81 8.313970825440484e-05
2.82 8.292396808704692e-05
2.83 8.271046170346098e-05
2.84 8.249967229934991e-05
2.85 8.229190382773026e-05
2.86 8.207915281962429e-05
2.87 8.187873245501171e-05
2.88 8.167467186906682e-05
2.89 8.147220241642407e-05
2.9 8.127080469345533e-05
2.91 8.107224245108888e-05
2.92 8.087517242742062e-05
2.93 8.068237415501766e-05
2.94 8.04897816144187e-05
2.95 8.030112302858536e-05
2.96 8.010686863257914e-05
2.97 7.992016755752483e-05
2.98 7.973220411801917e-05
2.99 7.954874813671837e-05
3.0 7.936697201157229e-05
3.01 7.918421145857079e-05
3.02 7.900446994710763e-05
3.03 7.882595409101997e-05
3.04 7.864869563816869e-05
3.05 7.847445540731186e-05
3.06 7.829977770659791e-05
3.07 7.812900110429702e-05
3.08 7.795943725590721e-05
3.09 7.77918485520373e-05
3.1 7.7622467945798e-05
3.11 7.74581486998647e-05
3.12 7.729305137725894e-05
3.13 7.712910009158563e-05
3.14 7.696693964946465e-05
3.15 7.680791136790065e-05
3.16 7.664794349764285e-05
3.17 7.649144524969159e-05
3.18 7.633614726573206e-05
3.19 7.618069964306804e-05
3.2 7.602655756115162e-05
3.21 7.58774991765352e-05
3.22 7.572543003197459e-05
3.23 7.557710278124844e-05
3.24 7.54311861691226e-05
3.25 7.528434808718578e-05
3.26 7.513660410147847e-05
3.27 7.499434404632373e-05
3.28 7.485186873196793e-05
3.29 7.470976657659309e-05
3.3 7.457173020173885e-05
3.31 7.443287896065648e-05
3.32 7.429478107680839e-05
3.33 7.415892532648429e-05
3.34 7.402325573000283e-05
3.35 7.389006034758388e-05
3.36 7.375754427583633e-05
3.37 7.362574078136114e-05
3.38 7.349602054842272e-05
3.39 7.336828539002965e-05
3.4 7.323946232421896e-05
3.41 7.311221180266036e-05
3.42 7.298696174768177e-05
3.43 7.286418952233207e-05
3.44 7.273897506208075e-05
3.45 7.261956700335722e-05
3.46 7.2497848033233e-05
3.47 7.237708160210032e-05
3.48 7.225948426470975e-05
3.49 7.21414530191664e-05
3.5 7.20240027331615e-05
3.51 7.190942787409537e-05
3.52 7.179528293900788e-05
3.53 7.168259745281049e-05
3.54 7.156955016774957e-05
3.55 7.145909674258452e-05
3.56 7.134883654179563e-05
3.57 7.124005706047301e-05
3.58 7.113367746077496e-05
3.59 7.102472731618749e-05
3.6 7.091931739241143e-05
3.61 7.081574662395315e-05
3.62 7.071035209314634e-05
3.63 7.060774957355605e-05
3.64 7.050614111281848e-05
3.65 7.040393416767056e-05
3.66 7.030551430676346e-05
3.67 7.020662896866885e-05
3.68 7.010834143971948e-05
3.69 7.001246650522806e-05
3.7 6.9916458239216e-05
3.71 6.982145128035131e-05
3.72 6.972600062021611e-05
3.73 6.963331576143523e-05
3.74 6.954158639489357e-05
3.75 6.944946661912294e-05
3.76 6.935916143662352e-05
3.77 6.927039082203174e-05
3.78 6.91817274805418e-05
3.79 6.909434141831162e-05
3.8 6.900698839030888e-05
3.81 6.892158119713869e-05
3.82 6.883641142571192e-05
3.83 6.87536842499367e-05
3.84 6.866879166744776e-05
3.85 6.858741046822588e-05
3.86 6.850626954613109e-05
3.87 6.8426264052995e-05
3.88 6.834608653891797e-05
3.89 6.826699388928423e-05
3.9 6.818947324186546e-05
3.91 6.81124327209734e-05
3.92 6.803624699251796e-05
3.93 6.796034069213106e-05
3.94 6.78875159405797e-05
3.95 6.781247594774569e-05
3.96 6.773985268417365e-05
3.97 6.766734847515196e-05
3.98 6.75969049485948e-05
3.99 6.752495314380069e-05
4.0 6.745676241969969e-05
4.01 6.738815380420112e-05
4.02 6.731974719763761e-05
4.03 6.72532509140496e-05
4.04 6.718628826916074e-05
4.05 6.712095640458824e-05
4.06 6.70557463650881e-05
4.07 6.699220009779566e-05
4.08 6.692815099829371e-05
4.09 6.686647203656682e-05
4.1 6.680397322175293e-05
4.11 6.674408461882496e-05
4.12 6.668383495307417e-05
4.13 6.662455708025662e-05
4.14 6.656583575019587e-05
4.15 6.650800870620692e-05
4.16 6.645070884675762e-05
4.17 6.639511996072591e-05
4.18 6.633890145044885e-05
4.19 6.628455369878099e-05
4.2 6.623043260906432e-05
4.21 6.617689078674859e-05
4.22 6.612441493063463e-05
4.23 6.607266279781238e-05
4.24 6.602184648692688e-05
4.25 6.597141380899505e-05
4.26 6.592208392101965e-05
4.27 6.587264465235676e-05
4.28 6.582467993543026e-05
4.29 6.57770922261793e-05
4.3 6.573034193963112e-05
4.31 6.568452883210455e-05
4.32 6.563960259888954e-05
4.33 6.559487782416248e-05
4.34 6.555113415695774e-05
4.35 6.550769586714739e-05
4.36 6.546485986244322e-05
4.37 6.542375751662598e-05
4.38 6.538219613002667e-05
4.39 6.534234532458221e-05
4.4 6.5302496130205e-05
4.41 6.526355288339564e-05
4.42 6.522526052727408e-05
4.43 6.518775708807799e-05
4.44 6.515051948383972e-05
4.45 6.511461039675318e-05
4.46 6.507883106634368e-05
4.47 6.504437241782237e-05
4.48 6.50103363506158e-05
4.49 6.4976791430836e-05
4.5 6.494368883621423e-05
4.51 6.49118840121648e-05
4.52 6.488034897078317e-05
4.53 6.484934827988731e-05
4.54 6.481915265438173e-05
4.55 6.47899251655857e-05
4.56 6.476138804538228e-05
4.57 6.473316308076079e-05
4.58 6.470591955096319e-05
4.59 6.46788605487275e-05
4.6 6.465291678191487e-05
4.61 6.462720500270556e-05
4.62 6.460278245072937e-05
4.63 6.457848598742453e-05
4.64 6.455509406601329e-05
4.65 6.453242538645441e-05
4.66 6.451029752724297e-05
4.67 6.448876793270259e-05
4.68 6.446775113619822e-05
4.69 6.444765660490867e-05
4.7 6.442818236821439e-05
4.71 6.44092496576842e-05
4.72 6.439086954159793e-05
4.73 6.437359235769294e-05
4.74 6.435651781261437e-05
4.75 6.434024448013051e-05
4.76 6.432424522125028e-05
4.77 6.430951559664052e-05
4.78 6.429508159252578e-05
4.79 6.42814600744625e-05
4.8 6.426826744900035e-05
4.81 6.425587355910717e-05
4.82 6.424414098292612e-05
4.83 6.423291102123509e-05
4.84 6.422248927070007e-05
4.85 6.42126126991981e-05
4.86 6.420339655490828e-05
4.87 6.419472749494877e-05
4.88 6.418677175946223e-05
4.89 6.417942534054169e-05
4.9 6.41727431161704e-05
4.91 6.416675016383498e-05
4.92 6.416133149360138e-05
4.93 6.415655898512743e-05
4.94 6.415240542527298e-05
4.95 6.414889344889735e-05
4.96 6.414606250156178e-05
4.97 6.414382187140256e-05
4.98 6.414223829819415e-05
4.99 6.414128441486862e-05
