0.1 -0.0007628893732925792
0.2 -0.0008807456346908095
0.30000000000000004 -0.0008900825845039547
0.4 -0.0010591735547878724
0.5 -0.0009731006016319588
0.6 -0.0010314868899665769
0.7 -0.0008428472769490564
0.7999999999999999 -0.0006139194046904774
0.8999999999999999 -0.0003764997372206623
0.9999999999999999 0.00012278579568938963
1.0999999999999999 0.0007700455210849617
1.2 0.0014613440448779285
1.3 0.00219772317086355
1.4000000000000001 0.0031980090582545244
1.5000000000000002 0.004139815368709964
1.6000000000000003 0.005102951573642597
1.7000000000000004 0.0059287629918825
1.8000000000000005 0.006637269256539343
1.9000000000000006 0.007267849637557911
2.0000000000000004 0.007857461129699017
2.1000000000000005 0.008206962473615841
2.2000000000000006 0.008417398744516512
2.3000000000000007 0.008605188655635868
2.400000000000001 0.008604748780665824
2.500000000000001 0.00850278931381753
2.600000000000001 0.008313599944534088
2.700000000000001 0.008096872883861723
2.800000000000001 0.007754021516722888
2.9000000000000012 0.007283135808854089
3.0000000000000013 0.006664345565262871
3.1000000000000014 0.005992148439056468
3.2000000000000015 0.005304617906216151
3.3000000000000016 0.00450020490922348
3.4000000000000017 0.0036723487898463027
3.5000000000000018 0.002760586698962991
3.600000000000002 0.0017371052658716351
3.700000000000002 0.000626600774724974
3.800000000000002 -0.0006695017288346121
3.900000000000002 -0.0020524381276846478
4.000000000000002 -0.003627808317984003
4.100000000000001 -0.005372533020127142
4.200000000000001 -0.007245161093281055
4.300000000000001 -0.009278057459353065
4.4 -0.011476233378619268
4.5 -0.013795325047644537
4.6 -0.01617670907228217
4.699999999999999 -0.018649283372285056
4.799999999999999 -0.02109638027773001
4.899999999999999 -0.023545884964793082
4.999999999999998 -0.025911684916661605
5.099999999999998 -0.02816835684178776
5.1999999999999975 -0.030292148348386633
5.299999999999997 -0.03229046814718985
5.399999999999997 -0.03407824036922169
5.4999999999999964 -0.03563670580577674
5.599999999999996 -0.03692739042890381
5.699999999999996 -0.03793310177277121
5.799999999999995 -0.03868661462411177
5.899999999999995 -0.039150774819945604
5.999999999999995 -0.03933232408847155
6.099999999999994 -0.039263474652365016
6.199999999999994 -0.03889943828956635
6.299999999999994 -0.03823709232267766
6.399999999999993 -0.03726943272867421
6.499999999999993 -0.036000728837290476
6.5999999999999925 -0.03445866660765261
6.699999999999992 -0.032671503183487376
6.799999999999992 -0.030640072787957457
6.8999999999999915 -0.028392315410257277
6.999999999999991 -0.025935886731175042
7.099999999999991 -0.023307944368093192
7.19999999999999 -0.020513808509721947
7.29999999999999 -0.017584345832019965
7.39999999999999 -0.014548856775545098
7.499999999999989 -0.011427156987499364
7.599999999999989 -0.008272395674274641
7.699999999999989 -0.0051186817897533555
7.799999999999988 -0.0020172820212489046
7.899999999999988 0.0010077469148614114
7.999999999999988 0.0038973044855728405
8.099999999999987 0.006636938611091732
8.199999999999987 0.009178156458406991
8.299999999999986 0.011508086896833813
8.399999999999986 0.013569231615453663
8.499999999999986 0.015343546252686772
8.599999999999985 0.016794207805640178
8.699999999999985 0.017884352543795227
8.799999999999985 0.018624451947473804
8.899999999999984 0.018962388614104684
8.999999999999984 0.018898866509970504
9.099999999999984 0.018417545120122832
9.199999999999983 0.017524122642991514
9.299999999999983 0.01621968157157043
9.399999999999983 0.014524594787228536
9.499999999999982 0.012436970524567374
9.599999999999982 0.009978289434627296
9.699999999999982 0.0071811309927900914
9.799999999999981 0.0040496888456803565
9.89999999999998 0.0006686984107183142
9.99999999999998 -0.002971313127310851
10.09999999999998 -0.00679411837841675
10.19999999999998 -0.010775644502837729
10.29999999999998 -0.014877882046849988
10.399999999999979 -0.019051244907472557
10.499999999999979 -0.023244777111269446
10.599999999999978 -0.02740153413678388
10.699999999999978 -0.03146513099717193
10.799999999999978 -0.035412323945819286
10.899999999999977 -0.039177729090881505
10.999999999999977 -0.0427119528676042
11.099999999999977 -0.04597145725749692
11.199999999999976 -0.04890823944512505
11.299999999999976 -0.051502305527382705
11.399999999999975 -0.053703015672196916
11.499999999999975 -0.055505074758029294
11.599999999999975 -0.056863477881932245
11.699999999999974 -0.057758833767810006
11.799999999999974 -0.05818813350941544
11.899999999999974 -0.05814425290930332
11.999999999999973 -0.05762024571084873
12.099999999999973 -0.05664113803011721
12.199999999999973 -0.05520972046248493
12.299999999999972 -0.0533635628560213
12.399999999999972 -0.051132430098335506
12.499999999999972 -0.0485689799137649
12.599999999999971 -0.04567245053524359
12.69999999999997 -0.042522537554613576
12.79999999999997 -0.039159008291479856
12.89999999999997 -0.03563119143227665
12.99999999999997 -0.03198813084194334
13.09999999999997 -0.028295601431661533
13.199999999999969 -0.024606663262271997
13.299999999999969 -0.020988166696739675
13.399999999999968 -0.01749163155579588
13.499999999999968 -0.014213919704251204
13.599999999999968 -0.01117566437509234
13.699999999999967 -0.008434054092784651
13.799999999999967 -0.006015384479795278
13.899999999999967 -0.003981588940666261
13.999999999999966 -0.002396022280763641
14.099999999999966 -0.0012760504349998572
14.199999999999966 -0.0006446094350030496
14.299999999999965 -0.0005140151461275771
14.399999999999965 -0.0009157106142965422
14.499999999999964 -0.0018400850341934775
14.599999999999964 -0.00324990122863502
14.699999999999964 -0.005114965329211969
14.799999999999963 -0.007452427074905387
14.899999999999963 -0.010192578666113259
14.999999999999963 -0.01330486719820323
15.099999999999962 -0.01670004341893663
15.199999999999962 -0.020330602468445515
15.299999999999962 -0.02412269218084377
15.399999999999961 -0.027994166197174583
15.499999999999961 -0.03186900490713654
15.59999999999996 -0.03563917024826751
15.69999999999996 -0.03923296471548051
15.79999999999996 -0.042563977372318526
15.89999999999996 -0.04555114495129905
15.99999999999996 -0.04809213114503029
16.09999999999996 -0.05010363187516635
16.19999999999996 -0.05151059464747027
16.29999999999996 -0.05229022230045509
16.399999999999963 -0.052326071883371156
16.499999999999964 -0.05162645663606458
16.599999999999966 -0.050129086294558166
16.699999999999967 -0.04778692057064674
16.79999999999997 -0.04458895303756668
16.89999999999997 -0.040562103738245314
16.99999999999997 -0.03574390248059685
17.099999999999973 -0.030178355370439232
17.199999999999974 -0.02395309025388071
17.299999999999976 -0.017091354218109922
17.399999999999977 -0.009655146997274548
17.49999999999998 -0.0018283346313391008
17.59999999999998 0.006248460289353594
17.69999999999998 0.014542739916062936
17.799999999999983 0.02287597074320191
17.899999999999984 0.03111780604822429
17.999999999999986 0.03916774648203882
18.099999999999987 0.04690207262926145
18.19999999999999 0.05426988266887071
18.29999999999999 0.061186039747531944
18.39999999999999 0.06748761401663066
18.499999999999993 0.07298183826413389
18.599999999999994 0.07770466378329918
18.699999999999996 0.08161823249945262
18.799999999999997 0.08456442973941274
18.9 0.08650080657875675
19.0 0.08738075671262091
19.1 0.08711879202720586
19.200000000000003 0.08563199617387882
19.300000000000004 0.08293301567001127
19.400000000000006 0.07899155576501958
19.500000000000007 0.07376246963263643
19.60000000000001 0.06726575436928174
19.70000000000001 0.05950525310860115
19.80000000000001 0.05053190135763158
19.900000000000013 0.04040789773815598
20.000000000000014 0.029224575826781306
20.100000000000016 0.017076430036058333
20.200000000000017 0.004101190017011332
20.30000000000002 -0.009583436924699235
20.40000000000002 -0.023842440173087794
20.50000000000002 -0.03851055452032699
20.600000000000023 -0.05339103043288676
20.700000000000024 -0.0683070803458001
20.800000000000026 -0.08305891355228301
20.900000000000027 -0.0974419891079161
21.00000000000003 -0.11127984217757023
21.10000000000003 -0.1243350649090208
21.20000000000003 -0.1365524401393869
21.300000000000033 -0.14778145005678672
21.400000000000034 -0.15779535329543518
21.500000000000036 -0.16649606570601078
21.600000000000037 -0.17378221553125195
21.70000000000004 -0.17971840606021808
21.80000000000004 -0.1842350313196822
21.90000000000004 -0.18738392354840497
22.000000000000043 -0.1891322985976471
22.100000000000044 -0.18961590539390694
22.200000000000045 -0.1889505201302794
22.300000000000047 -0.18732160079225324
22.40000000000005 -0.1848153460395714
22.50000000000005 -0.18146718642002568
22.60000000000005 -0.1774234612037089
22.700000000000053 -0.17277902629031983
22.800000000000054 -0.16765722246198755
22.900000000000055 -0.1621110416298267
23.000000000000057 -0.15624920887681037
23.10000000000006 -0.15004127429865713
23.20000000000006 -0.143527807126105
23.30000000000006 -0.13658719090278776
23.400000000000063 -0.129017070330855
23.500000000000064 -0.12082621328426324
23.600000000000065 -0.11177079693789975
23.700000000000067 -0.10160482958446729
23.800000000000068 -0.09010949260661939
23.90000000000007 -0.07715072833237326
24.00000000000007 -0.06257096691918912
24.100000000000072 -0.04618908998583314
24.200000000000074 -0.027900945402594288
24.300000000000075 -0.007580456416479853
24.400000000000077 0.01442763504840859
24.500000000000078 0.03812613118060041
24.60000000000008 0.06339059787833869
24.70000000000008 0.08995199148010967
24.800000000000082 0.11721346836818552
24.900000000000084 0.14483546638535796
25.000000000000085 0.17224092205140704
25.100000000000087 0.1989239349522765
25.200000000000088 0.2241893677325436
25.30000000000009 0.24739057920191548
25.40000000000009 0.26794536890236437
25.500000000000092 0.28534315340845096
25.600000000000094 0.2992532457953239
25.700000000000095 0.30958940677000946
25.800000000000097 0.31644786096468486
25.900000000000098 0.320070034486424
26.0000000000001 0.3206962815609421
26.1000000000001 0.3185611197249003
26.200000000000102 0.31410926207944423
26.300000000000104 0.3077426235303191
26.400000000000105 0.2999382037739087
26.500000000000107 0.2907824727581342
26.600000000000108 0.28030105733302796
26.70000000000011 0.26853498337842147
26.80000000000011 0.25566396691587856
26.900000000000112 0.2416181459867501
27.000000000000114 0.2261452461057025
27.100000000000115 0.20911201595496848
27.200000000000117 0.1904109850629313
27.300000000000118 0.16974085395037763
27.40000000000012 0.14690246301839313
27.50000000000012 0.12190541737394106
27.600000000000122 0.09464619137029037
27.700000000000124 0.06516714024559814
27.800000000000125 0.0336060396955316
27.900000000000126 0.00013842588340632483
28.000000000000128 -0.03506505730945412
28.10000000000013 -0.07142985648452706
28.20000000000013 -0.10857929310920429
28.300000000000132 -0.145885616939522
28.400000000000134 -0.1829944447103029
28.500000000000135 -0.21926284900647805
28.600000000000136 -0.2541833515423444
28.700000000000138 -0.28734546613652434
28.80000000000014 -0.31822133843017447
28.90000000000014 -0.3464544453590801
29.000000000000142 -0.3716401054816121
29.100000000000144 -0.3932863057870571
29.200000000000145 -0.4115689193087304
29.300000000000146 -0.4258188657409246
29.400000000000148 -0.4359130533873632
29.50000000000015 -0.4423588778369963
29.60000000000015 -0.44529396391946097
29.700000000000152 -0.445312228349132
29.800000000000153 -0.4429227001089091
29.900000000000155 -0.4383884719749255
30.000000000000156 -0.4324868978478258
30.100000000000158 -0.425412823791587
30.20000000000016 -0.4173469454154272
30.30000000000016 -0.40818833491109496
30.400000000000162 -0.39756084696466654
30.500000000000163 -0.3848701503319061
30.600000000000165 -0.3695658489607878
30.700000000000166 -0.3508154184823508
30.800000000000168 -0.3278616248905192
30.90000000000017 -0.30014824872539503
31.00000000000017 -0.26715885834471137
31.100000000000172 -0.22868145697940404
31.200000000000173 -0.18463365069405874
31.300000000000175 -0.1352097604776648
31.400000000000176 -0.08070750844355189
31.500000000000178 -0.02178199491095609
31.60000000000018 0.04050833858082662
31.70000000000018 0.10498860939671072
31.800000000000182 0.1705186602059739
31.900000000000183 0.2360636249161288
32.000000000000185 0.29978186705810167
32.100000000000186 0.36003641174697465
32.20000000000019 0.4160684919001288
32.30000000000019 0.4663805599657841
32.40000000000019 0.5096654211399314
32.50000000000019 0.5456553731871225
32.60000000000019 0.5743780861162102
32.700000000000195 0.5962824674402308
32.800000000000196 0.6114614070655058
32.9000000000002 0.6202602578385632
33.0000000000002 0.623643876725809
33.1000000000002 0.6219284284394999
33.2000000000002 0.6160761403270426
33.3000000000002 0.606800891701775
33.400000000000205 0.5938447517641702
33.500000000000206 0.5775828908643371
33.60000000000021 0.557381097116341
33.70000000000021 0.5330061077333241
33.80000000000021 0.5039982700932096
33.90000000000021 0.4700035608499156
34.00000000000021 0.43068746100288474
34.100000000000215 0.3855824547007879
34.200000000000216 0.3346718164276069
34.30000000000022 0.2777914421971988
34.40000000000022 0.21510710227894594
34.50000000000022 0.14728989374436724
34.60000000000022 0.07471348158976678
34.70000000000022 -0.001754607662127778
34.800000000000225 -0.08090192194906137
34.900000000000226 -0.16078328127597796
35.00000000000023 -0.23973835182499456
35.10000000000023 -0.3155122604202478
35.20000000000023 -0.38579306180609224
35.30000000000023 -0.4486924071176006
35.40000000000023 -0.5028753190772826
35.500000000000234 -0.5474342354565388
35.600000000000236 -0.5820606307862417
35.70000000000024 -0.6068517390636075
35.80000000000024 -0.622444255083429
35.90000000000024 -0.6300287196923277
36.00000000000024 -0.6308346944091376
36.10000000000024 -0.6256655577583792
36.200000000000244 -0.6155310580486989
36.300000000000246 -0.6011165679714914
36.40000000000025 -0.5829180181470548
36.50000000000025 -0.5616171689718891
36.60000000000025 -0.5370979064254321
36.70000000000025 -0.5094281676845624
36.80000000000025 -0.47851917872680305
36.900000000000254 -0.4440960352934201
37.000000000000256 -0.40561752594839806
37.10000000000026 -0.36269646450769794
37.20000000000026 -0.31483908349142437
37.30000000000026 -0.26166051299234805
37.40000000000026 -0.20296725433393972
37.50000000000026 -0.1389875381859711
37.600000000000264 -0.07031758481897504
37.700000000000266 0.002338950278600996
37.80000000000027 0.07754275583468156
37.90000000000027 0.1539339542244779
38.00000000000027 0.22944770382437835
38.10000000000027 0.3019298315659705
38.20000000000027 0.36978237178670387
38.300000000000274 0.4309998938322558
38.400000000000276 0.48395609176919324
38.50000000000028 0.5280718309774474
38.60000000000028 0.5628764248263691
38.70000000000028 0.5886743731408303
38.80000000000028 0.6058422052593212
38.90000000000028 0.6147905191575604
39.000000000000284 0.6170720562454489
39.100000000000286 0.6134608040820749
39.20000000000029 0.6047212881326963
39.30000000000029 0.5919076556513811
39.40000000000029 0.5754012650245177
39.50000000000029 0.5557361208012015
39.60000000000029 0.5330913451127494
39.700000000000294 0.5074369045033548
39.800000000000296 0.4783647920361046
39.9000000000003 0.4456629490370218
40.0000000000003 0.40849659821212825
40.1000000000003 0.3665895428777816
40.2000000000003 0.3193734177657924
40.3000000000003 0.2664514222434429
40.400000000000304 0.2078227877885622
40.500000000000306 0.1437530474864177
40.60000000000031 0.07468356145008198
40.70000000000031 0.0013890091064212157
40.80000000000031 -0.07480288832697024
40.90000000000031 -0.15221218819996465
41.00000000000031 -0.22912039886019417
41.100000000000314 -0.30327889800390473
41.200000000000315 -0.37237814683098824
41.30000000000032 -0.4347598833850251
41.40000000000032 -0.4887904856581516
41.50000000000032 -0.5340424784917819
41.60000000000032 -0.569673365770529
41.70000000000032 -0.5960458068168947
41.800000000000324 -0.6137997958354815
41.900000000000325 -0.6239109048236001
42.00000000000033 -0.6272037128484917
42.10000000000033 -0.624676983091065
42.20000000000033 -0.6168383465871925
42.30000000000033 -0.6045300204289563
42.40000000000033 -0.5882394356670133
42.500000000000334 -0.5678647740518818
42.600000000000335 -0.543451120761907
42.70000000000034 -0.5146984316488398
42.80000000000034 -0.4814836307074108
42.90000000000034 -0.4433356861865288
43.00000000000034 -0.4002098210341905
43.10000000000034 -0.3515100069144819
43.200000000000344 -0.29717589528779503
43.300000000000345 -0.23706291160808352
43.40000000000035 -0.1713010394997554
43.50000000000035 -0.1005870615918221
43.60000000000035 -0.025525666310812736
43.70000000000035 0.052559815732956566
43.80000000000035 0.13211151345714117
43.900000000000354 0.21118805199419344
44.000000000000355 0.28765021003950964
44.10000000000036 0.3595400880591126
44.20000000000036 0.42494115264102855
44.30000000000036 0.48191915519084927
44.40000000000036 0.5298232718543406
44.50000000000036 0.5680422551443722
44.600000000000364 0.5967221298791099
44.700000000000365 0.6165500787838298
44.80000000000037 0.627765324669881
44.90000000000037 0.6317459717753382
45.00000000000037 0.6295678419812629
45.10000000000037 0.6220547461136449
45.20000000000037 0.6101308252345576
45.300000000000374 0.5941248607218548
45.400000000000375 0.5746693053033497
45.50000000000038 0.5518722137637119
45.60000000000038 0.5257099769344461
45.70000000000038 0.4958602997980935
45.80000000000038 0.46198880685745636
45.90000000000038 0.4233558266923764
46.000000000000384 0.37965379601803645
46.100000000000385 0.33049769939168755
46.20000000000039 0.27540088396736606
46.30000000000039 0.21448793679993347
46.40000000000039 0.14816076196000866
46.50000000000039 0.07669434738411866
46.60000000000039 0.0011613671324222467
46.700000000000394 -0.07729728619551121
46.800000000000395 -0.1566593904566877
46.9000000000004 -0.23523848221155932
47.0000000000004 -0.3105435055671833
47.1000000000004 -0.3803530279318187
47.2000000000004 -0.44293562727058433
47.3000000000004 -0.49668901936912196
47.400000000000404 -0.5413088024099236
47.500000000000405 -0.5760706880116994
47.600000000000406 -0.6012371755862238
47.70000000000041 -0.6178639519488056
47.80000000000041 -0.6267098986722663
47.90000000000041 -0.62884257408027
48.00000000000041 -0.6252425093121164
48.10000000000041 -0.6164198505858146
48.200000000000415 -0.603222659027487
48.300000000000416 -0.5860369199170289
48.40000000000042 -0.5649610902109066
48.50000000000042 -0.5399049900587076
48.60000000000042 -0.5106102329262486
48.70000000000042 -0.476973074499484
48.80000000000042 -0.4386195789573247
48.900000000000425 -0.3952642890519788
49.000000000000426 -0.34641523109229627
49.10000000000043 -0.2919933739818068
49.20000000000043 -0.23172418170361747
49.30000000000043 -0.16586712724019984
49.40000000000043 -0.0950773108172138
49.50000000000043 -0.019931909755151283
49.600000000000435 0.05812129202528069
49.700000000000436 0.137564942456517
49.80000000000044 0.21638027774308022
49.90000000000044 0.29244503811132216
50.00000000000044 0.36381574389253285
50.10000000000044 0.42853407897123746
50.20000000000044 0.48472516249840303
50.300000000000445 0.5318007831504621
50.400000000000446 0.5691915062287826
50.50000000000045 0.5970621090274653
50.60000000000045 0.6161161849098752
50.70000000000045 0.6265600445685529
50.80000000000045 0.6299138800137443
50.90000000000045 0.6271333277833206
51.000000000000455 0.6190485932635691
51.100000000000456 0.6066185264096956
51.20000000000046 0.5901521833531244
51.30000000000046 0.5703443362353287
51.40000000000046 0.5472536899372709
51.50000000000046 0.5209652625886467
51.60000000000046 0.4910518094084537
51.700000000000465 0.457269013695391
51.800000000000466 0.4187804653232855
51.90000000000047 0.3753763080846121
52.00000000000047 0.32651275502504623
52.10000000000047 0.27179057344436497
52.20000000000047 0.21129130569254936
52.30000000000047 0.14536939272967375
52.400000000000475 0.07437765565830004
52.500000000000476 -0.0006990754697965076
52.60000000000048 -0.07862803431739696
52.70000000000048 -0.1574602156830024
52.80000000000048 -0.23551054075404787
52.90000000000048 -0.3103431655962892
53.00000000000048 -0.3796952507645962
53.100000000000485 -0.44188989658152206
53.200000000000486 -0.4953553972553134
53.30000000000049 -0.5397830947634593
53.40000000000049 -0.5744152180604039
53.50000000000049 -0.5995812018824356
53.60000000000049 -0.6162191088196184
53.70000000000049 -0.6251457346544055
53.800000000000495 -0.6273867967793852
53.900000000000496 -0.6239081542950045
54.0000000000005 -0.6151871429715924
54.1000000000005 -0.602076001294447
54.2000000000005 -0.5849702435173574
54.3000000000005 -0.5639107642703929
54.4000000000005 -0.5388525962836139
54.500000000000504 -0.5095424545410574
54.600000000000506 -0.4758399970806473
54.70000000000051 -0.43740510336009636
54.80000000000051 -0.3939577410444274
54.90000000000051 -0.3450062784406792
55.00000000000051 -0.290481205063728
55.10000000000051 -0.2300902747123777
55.200000000000514 -0.16415757257200383
55.300000000000516 -0.09332524997199805
55.40000000000052 -0.018190872130192357
55.50000000000052 0.059818844199456905
55.60000000000052 0.13918226671238873
55.70000000000052 0.21785235288581936
55.80000000000052 0.2937508837374312
55.900000000000524 0.3649388402049861
56.000000000000526 0.4294604794009295
56.10000000000053 0.48551964480457493
56.20000000000053 0.5324554679303893
56.30000000000053 0.5697602323877303
56.40000000000053 0.5976208610090062
56.50000000000053 0.61666940252535
56.600000000000534 0.6272271388647641
56.700000000000536 0.6307342499251409
56.80000000000054 0.6281483670585993
56.90000000000054 0.6202849277003948
57.00000000000054 0.6080620564936559
57.10000000000054 0.5917812273622542
57.20000000000054 0.5721187447739838
57.300000000000544 0.5490456487349847
57.400000000000546 0.5226646256913575
57.50000000000055 0.492473051891196
57.60000000000055 0.4582830979881096
57.70000000000055 0.41921411396810054
57.80000000000055 0.37509583391037443
57.90000000000055 0.3254350485736469
58.000000000000554 0.26983710101255526
58.100000000000556 0.208433086386432
58.20000000000056 0.14165463112495014
58.30000000000056 0.06981792620686345
58.40000000000056 -0.006002369249254142
58.50000000000056 -0.08456436954313694
58.60000000000056 -0.163842720885578
58.700000000000564 -0.24212825742257973
58.800000000000566 -0.3169228251882483
58.90000000000057 -0.38606249582336993
59.00000000000057 -0.44780470192629745
59.10000000000057 -0.5007221843382094
59.20000000000057 -0.544423656584113
59.30000000000057 -0.5782809966138093
59.400000000000574 -0.6027132757750626
59.500000000000576 -0.6186182862703162
59.60000000000058 -0.6269162514224621
59.70000000000058 -0.6286229681201501
59.80000000000058 -0.6246333193831554
59.90000000000058 -0.6154423823033927
60.00000000000058 -0.6019580419497013
60.100000000000584 -0.5843887071753352
60.200000000000585 -0.5629350419913193
60.30000000000059 -0.5374189269732083
60.40000000000059 -0.5075795300649444
60.50000000000059 -0.4732820107448809
60.60000000000059 -0.4342234893148569
60.70000000000059 -0.3900847928897993
60.800000000000594 -0.3404133632409671
60.900000000000595 -0.2851164496706828
61.0000000000006 -0.22393826976785564
61.1000000000006 -0.15729407688604255
61.2000000000006 -0.08580816204127024
61.3000000000006 -0.010110974712696678
61.4000000000006 0.06828240385987613
61.500000000000604 0.14780464533260254
61.600000000000605 0.22637397811145063
61.70000000000061 0.30183693485076835
61.80000000000061 0.37242407936423905
61.90000000000061 0.4360521175348725
62.00000000000061 0.4911084389006947
62.10000000000061 0.5369452707977292
62.200000000000614 0.573132226163199
62.300000000000615 0.5999609289879831
62.40000000000062 0.617953339150322
62.50000000000062 0.6275571594012206
62.60000000000062 0.6302739753515095
62.70000000000062 0.6270274835311785
62.80000000000062 0.618580012965013
62.900000000000624 0.6058702850847097
63.000000000000625 0.5891622830917627
63.10000000000063 0.5691276044241637
63.20000000000063 0.5456746017113885
63.30000000000063 0.5189564625776478
63.40000000000063 0.4883683830877083
63.50000000000063 0.4537849338601207
63.600000000000634 0.4142255720502016
63.700000000000635 0.3696090170623383
63.80000000000064 0.3194026348084756
63.90000000000064 0.26324636591508377
64.00000000000064 0.201278663930324
64.10000000000063 0.13401115951109044
64.20000000000063 0.061741760155449424
64.30000000000062 -0.014405995994089933
64.40000000000062 -0.09309975711310978
64.50000000000061 -0.17234380970175314
64.6000000000006 -0.25032544670549906
64.7000000000006 -0.32457486052447776
64.8000000000006 -0.39299200503683074
64.90000000000059 -0.4538087147521985
65.00000000000058 -0.5057423529936643
65.10000000000058 -0.5484083994357946
65.20000000000057 -0.5812245290928976
65.30000000000057 -0.6047561804664328
65.40000000000056 -0.6197801909766061
65.50000000000055 -0.627355949523722
65.60000000000055 -0.6284879126350085
65.70000000000054 -0.6239636069659446
65.80000000000054 -0.6142893519569188
65.90000000000053 -0.6004537384706604
66.00000000000053 -0.5824947271447707
66.10000000000052 -0.5606683277350037
66.20000000000051 -0.5347389934405969
66.30000000000051 -0.5044707244811281
66.4000000000005 -0.4696509849021541
66.5000000000005 -0.4300534050385523
66.60000000000049 -0.3852995168140738
66.70000000000049 -0.3349921063902712
66.80000000000048 -0.2790133663301932
66.90000000000047 -0.2171477969176725
67.00000000000047 -0.14986105172003122
67.10000000000046 -0.07779549403635456
67.20000000000046 -0.001644523835782067
67.30000000000045 0.07701077137573424
67.40000000000045 0.15658500758436694
67.50000000000044 0.23501309685587066
67.60000000000043 0.31007322343272564
67.70000000000043 0.3800584945552965
67.80000000000042 0.4427755352982484
67.90000000000042 0.4968422823021004
68.00000000000041 0.5415416315824809
68.1000000000004 0.5766110377382242
68.2000000000004 0.6023904128686255
68.3000000000004 0.6193054918941036
68.40000000000039 0.6279694404998166
68.50000000000038 0.6298748518803603
68.60000000000038 0.6259188785430633
68.70000000000037 0.6168525130006517
68.80000000000037 0.6035997496678475
68.90000000000036 0.5864063502489524
69.00000000000036 0.5659287145555797
69.10000000000035 0.5420603428889018
69.20000000000034 0.5149635420438289
69.30000000000034 0.48392474054008017
69.40000000000033 0.44891968378588437
69.50000000000033 0.4088884878034914
69.60000000000032 0.36380726935744806
69.70000000000032 0.3130843044613523
69.80000000000031 0.25644202077061456
69.9000000000003 0.19400443561008449
70.0000000000003 0.12632642637961855
70.10000000000029 0.0537359876212782
70.20000000000029 -0.022611035594878537
70.30000000000028 -0.1013139154841806
70.40000000000028 -0.1804039968419177
70.50000000000027 -0.2579877132503432
70.60000000000026 -0.3316298078212876
70.70000000000026 -0.3992744517550046
70.80000000000025 -0.4591325945973079
70.90000000000025 -0.5101214507297679
71.00000000000024 -0.5517774843255655
71.10000000000024 -0.5835925677621325
71.20000000000023 -0.606271852158091
71.30000000000022 -0.6205039771557757
71.40000000000022 -0.627388631029526
71.50000000000021 -0.6279921708419293
71.60000000000021 -0.6229715963813898
71.7000000000002 -0.6128462165675762
71.8000000000002 -0.5986857925026375
71.90000000000019 -0.5803373378821663
72.00000000000018 -0.5581685241447845
72.10000000000018 -0.5318338575371485
72.20000000000017 -0.5011852230543745
72.30000000000017 -0.4658878859110918
72.40000000000016 -0.4258048386966742
72.50000000000016 -0.3804862119776846
72.60000000000015 -0.3296155953979338
72.70000000000014 -0.2730394202520909
72.80000000000014 -0.21060084868148032
72.90000000000013 -0.14276904342642327
73.00000000000013 -0.0702389826156318
73.10000000000012 0.006259922414236594
73.20000000000012 0.08510296664155134
73.30000000000011 0.1646622041863093
73.4000000000001 0.2428675766827602
73.5000000000001 0.3174991603384399
73.6000000000001 0.3868679189095694
73.70000000000009 0.44875687439654155
73.80000000000008 0.5019715615766199
73.90000000000008 0.5457072659293694
74.00000000000007 0.579823494904505
74.10000000000007 0.6047428294389381
74.20000000000006 0.6208082737637389
74.30000000000005 0.6287588147340853
74.40000000000005 0.6300590471266823
74.50000000000004 0.6256055179737674
74.60000000000004 0.6160918566153273
74.70000000000003 0.6024396896754957
74.80000000000003 0.5849296032139139
74.90000000000002 0.5641372724225707
75.00000000000001 0.5399240435369949
75.10000000000001 0.5124870160581393
75.2 0.480978393636277
75.3 0.44547872176350245
75.39999999999999 0.40487441401922486
75.49999999999999 0.3591884893278038
75.59999999999998 0.3077813928063279
75.69999999999997 0.2504752539750584
75.79999999999997 0.18737753331721685
75.89999999999996 0.11908834484509509
75.99999999999996 0.04597465966048133
76.09999999999995 -0.030780154238229215
76.19999999999995 -0.10965502683206492
76.29999999999994 -0.18876575966020573
76.39999999999993 -0.266085188761905
76.49999999999993 -0.3391969193639811
76.59999999999992 -0.40612521479304164
76.69999999999992 -0.4650521040776112
76.79999999999991 -0.5151147184127797
76.8999999999999 -0.5556963071013721
76.9999999999999 -0.586470629625268
77.0999999999999 -0.6081876880181131
77.19999999999989 -0.621565564634751
77.29999999999988 -0.6276677802136756
77.39999999999988 -0.6276336972379659
77.49999999999987 -0.6220106901637903
77.59999999999987 -0.6113661859105275
77.69999999999986 -0.596766054706402
77.79999999999986 -0.5779531865929945
77.89999999999985 -0.5553347123866048
77.99999999999984 -0.5285149021793363
78.09999999999984 -0.49743939461126485
78.19999999999983 -0.46162562215496866
78.29999999999983 -0.4210445413961294
78.39999999999982 -0.3751676591398111
78.49999999999982 -0.3237242573509025
78.59999999999981 -0.26658426540040514
78.6999999999998 -0.20359716027956543
78.7999999999998 -0.13526822526970306
78.89999999999979 -0.06232051019011166
78.99999999999979 0.014464037755997389
79.09999999999978 0.09342649329757753
79.19999999999978 0.17290464104719458
79.29999999999977 0.2507995679319549
79.39999999999976 0.3249359971336904
79.49999999999976 0.39359888427978007
79.59999999999975 0.4545977723296457
79.69999999999975 0.5068495618416988
79.79999999999974 0.5495760998947181
79.89999999999974 0.5826827165771696
79.99999999999973 0.606685403263977
80.09999999999972 0.6218497905019706
80.19999999999972 0.6290730794227097
80.29999999999971 0.6297474672110729
80.39999999999971 0.6247609401262301
80.4999999999997 0.6148060561871523
80.5999999999997 0.6007492081360855
80.69999999999969 0.5829004765408302
80.79999999999968 0.561786997912855
80.89999999999968 0.5372356060322208
80.99999999999967 0.5094292507325056
81.09999999999967 0.4775186825546108
81.19999999999966 0.4415136902516168
81.29999999999966 0.4003790430794832
81.39999999999965 0.3541275999610095
81.49999999999964 0.30208902159896756
81.59999999999964 0.24417964702697054
81.69999999999963 0.1805026786442423
81.79999999999963 0.11165500985639656
81.89999999999962 0.0381007830416379
81.99999999999962 -0.03898500025812537
82.09999999999961 -0.11795078867346201
82.1999999999996 -0.19701090565341564
82.2999999999996 -0.2740052058586007
82.3999999999996 -0.34654665089611403
82.49999999999959 -0.4127192391998806
82.59999999999958 -0.4707207966778803
82.69999999999958 -0.5198627530519108
82.79999999999957 -0.559421303819867
82.89999999999957 -0.5891915487563052
82.99999999999956 -0.6099872271329295
83.09999999999955 -0.6226100365018823
83.19999999999955 -0.6279883155084497
83.29999999999954 -0.6273382375127295
83.39999999999954 -0.6211796404374121
83.49999999999953 -0.610077512083013
83.59999999999953 -0.5950610373443482
83.69999999999952 -0.575820965851997
83.79999999999951 -0.5527741748618715
83.89999999999951 -0.5254833816056136
83.9999999999995 -0.4939567117397677
84.0999999999995 -0.4576209307591899
84.19999999999949 -0.41650659496325665
84.29999999999949 -0.37004539504673634
84.39999999999948 -0.31798953719033946
84.49999999999947 -0.26022493197091073
84.59999999999947 -0.1966357135502214
84.69999999999946 -0.12777682575640847
84.79999999999946 -0.05435688670414667
84.89999999999945 0.0227344077729274
84.99999999999945 0.1018589759261115
85.09999999999944 0.18127978917121396
85.19999999999943 0.25887144562964337
85.29999999999943 0.33250937373166173
85.39999999999942 0.4004783931784021
85.49999999999942 0.4605789201555377
85.59999999999941 0.5118653315949162
85.6999999999994 0.5535675517637357
85.7999999999994 0.58565374208603
85.8999999999994 0.6087276577058679
85.99999999999939 0.6229992631181461
86.09999999999938 0.6294575699639954
86.19999999999938 0.6294819634142385
86.29999999999937 0.6239262843660162
86.39999999999937 0.6135214405725296
86.49999999999936 0.5990466572136852
86.59999999999935 0.5808353524941862
86.69999999999935 0.5593718020484078
86.79999999999934 0.5344693392811171
86.89999999999934 0.5062595037140128
86.99999999999933 0.47393375672746285
87.09999999999933 0.43740471337314546
87.19999999999932 0.3957452886124049
87.29999999999932 0.3489055531223131
87.39999999999931 0.2962339335105362
87.4999999999993 0.23769705140016384
87.5999999999993 0.17345256131283562
87.69999999999929 0.1040424535660007
87.79999999999929 0.03006763009496937
87.89999999999928 -0.047328958704599675
87.99999999999928 -0.12637322590398428
88.09999999999927 -0.20534514412583135
88.19999999999926 -0.28196500882944775
88.29999999999926 -0.35390253000812616
88.39999999999925 -0.41929025020026967
88.49999999999925 -0.4763575077611262
88.59999999999924 -0.5245383626596242
88.69999999999924 -0.5630510539894475
88.79999999999923 -0.5918157653422683
88.89999999999922 -0.6117038491553647
88.99999999999922 -0.623527170014204
89.09999999999921 -0.62820094452031
89.1999999999992 -0.6269268177290809
89.2999999999992 -0.6202202815085921
89.3999999999992 -0.6086658360932997
89.49999999999919 -0.5932285189516837
89.59999999999918 -0.5735720974115606
89.69999999999918 -0.5500802755888891
89.79999999999917 -0.5223302753069854
89.89999999999917 -0.4903453804496071
89.99999999999916 -0.45349985192283976
90.09999999999916 -0.41184333096169273
90.19999999999915 -0.3647836133252874
90.29999999999914 -0.31213416151561246
90.39999999999914 -0.2537404134573161
90.49999999999913 -0.189551590520859
90.59999999999913 -0.12019287540453477
90.69999999999912 -0.04631058566080203
90.79999999999912 0.031059234000313834
90.89999999999911 0.11032381264429372
90.9999999999991 0.1896564965812852
91.0999999999991 0.2669329431969283
91.1999999999991 0.3400511885295988
91.29999999999909 0.40728557095238327
91.39999999999908 0.46646221615908207
91.49999999999908 0.5167800818847763
91.59999999999907 0.5574521399615232
91.69999999999906 0.5885314879818003
91.79999999999906 0.610674926515937
91.89999999999905 0.6240373637922295
91.99999999999905 0.6297718420062683
92.09999999999904 0.6291510942363211
92.19999999999904 0.6230454540879553
92.29999999999903 0.6122088261315034
92.39999999999903 0.5972897389722021
92.49999999999902 0.5787170232645413
92.59999999999901 0.5569099639398504
92.69999999999901 0.5316426169053411
92.799999999999 0.5030253189298749
92.899999999999 0.47028149949060344
92.99999999999899 0.4332087460360634
93.09999999999899 0.391019510619997
93.19999999999898 0.3435841210862807
93.29999999999897 0.2902666408712997
93.39999999999897 0.23110956840731744
93.49999999999896 0.16631176938679848
93.59999999999896 0.09634212337622797
93.69999999999895 0.021958856304556858
93.79999999999895 -0.05571391679931324
93.89999999999894 -0.13482096562037027
93.99999999999893 -0.2136744433678074
94.09999999999893 -0.2899036645523263
94.19999999999892 -0.3612163948826816
94.29999999999892 -0.4258066862827693
94.39999999999891 -0.48193154988870085
94.4999999999989 -0.529140211961636
94.5999999999989 -0.5665830794742351
94.6999999999989 -0.5943459302207804
94.79999999999889 -0.613321503225125
94.89999999999888 -0.624355910032566
94.99999999999888 -0.6283344046595678
95.09999999999887 -0.6264600765299112
95.19999999999887 -0.6192012737444476
95.29999999999886 -0.607192693156135
95.39999999999885 -0.591312304623359
95.49999999999885 -0.5712465325830071
95.59999999999884 -0.54730016014415
95.69999999999884 -0.5191195907557614
95.79999999999883 -0.4866332534888784
95.89999999999883 -0.44930811458265524
95.99999999999882 -0.40709547866213375
96.09999999999881 -0.35944336674263105
96.19999999999881 -0.30619488038008147
96.2999999999988 -0.24717492439042119
96.3999999999988 -0.18239879530928177
96.49999999999879 -0.11254114139950622
96.59999999999879 -0.038212431251384196
96.69999999999878 0.03942056868366295
96.79999999999878 0.11878705750436365
96.89999999999877 0.19801615325574512
96.99999999999876 0.2749386201008054
97.09999999999876 0.34753358803465556
97.19999999999875 0.4140056146502365
97.29999999999875 0.47226115217276443
97.39999999999874 0.5215720539263877
97.49999999999874 0.5612241252574267
97.59999999999873 0.5913087326370241
97.69999999999872 0.6125081077374909
97.79999999999872 0.6249827906904001
97.89999999999871 0.6300139814908688
97.9999999999987 0.6287531173026061
98.0999999999987 0.6220746101899498
98.1999999999987 0.6108119359996246
98.29999999999869 0.5954593851415299
98.39999999999868 0.5765228788930074
98.49999999999868 0.5543449840752341
98.59999999999867 0.5287411100844343
98.69999999999867 0.49968823378007293
98.79999999999866 0.4665462020212576
98.89999999999866 0.42891136506058075
98.99999999999865 0.3861884539885617
99.09999999999864 0.33814190504787756
99.19999999999864 0.2841837512760787
99.29999999999863 0.22440671818829777
99.39999999999863 0.15906563356136247
99.49999999999862 0.0885603733921739
99.59999999999862 0.013776684427584177
99.69999999999861 -0.06415133488479015
99.7999999999986 -0.14330022756902916
99.8999999999986 -0.2219892625257692
99.9999999999986 -0.29780215392024045
100.09999999999859 -0.36845954673949083
