0.0 0.000564107763055807
0.00999000999000999 0.003255447270362885
0.01998001998001998 0.00489740176890036
0.029970029970029972 0.004737192118535879
0.03996003996003996 0.003389209724325619
0.04995004995004995 0.002180265515030589
0.059940059940059943 0.002296881428914083
0.06993006993006994 0.002788295474766899
0.07992007992007992 0.0018878368628250188
0.08991008991008992 0.003171501277419544
0.0999000999000999 0.008797601280500738
0.1098901098901099 0.013404863093778896
0.11988011988011989 0.013520133091322018
0.12987012987012989 0.008107624091166292
0.13986013986013987 0.015761908179803337
0.14985014985014986 0.03546460861234834
0.15984015984015984 0.052430031180287405
0.16983016983016985 0.13701998121931974
0.17982017982017984 0.04427471142302604
0.18981018981018982 0.025830446135981597
0.1998001998001998 0.009501771762360025
0.2097902097902098 0.006775604589830443
0.2197802197802198 0.008507906440788299
0.2297702297702298 0.006373911176690886
0.23976023976023977 0.0035538356886310163
0.24975024975024976 0.00488787243408838
0.25974025974025977 0.0051603221425687296
0.26973026973026976 0.003024883256170822
0.27972027972027974 0.002999990274450875
0.2897102897102897 0.0036615215180040247
0.2997002997002997 0.0029493089705259676
0.3096903096903097 0.0026489399428342706
0.3196803196803197 0.0026343011504640365
0.32967032967032966 0.002142044316605382
0.3396603396603397 0.0026532876639993376
0.3496503496503497 0.002602540686067256
0.3596403596403597 0.002313440064912127
0.36963036963036966 0.00183963597648795
0.37962037962037964 0.002096072798442523
0.38961038961038963 0.0022361369989453207
0.3996003996003996 0.0018300745930792347
0.4095904095904096 0.0016207781744005463
0.4195804195804196 0.0019871880566503146
0.42957042957042957 0.002087495172360005
0.4395604395604396 0.0014404759984850588
0.4495504495504496 0.0016246221846449443
0.4595404595404596 0.0023233050076960984
0.46953046953046956 0.0017797190796828874
0.47952047952047955 0.0012284743902482632
0.48951048951048953 0.0029332414218504283
0.4995004995004995 0.0037874710092971344
0.5094905094905096 0.00650998671234341
0.5194805194805195 0.0010246164375862044
0.5294705294705295 0.00048678654253801344
0.5394605394605395 0.0009500759920029009
0.5494505494505495 0.0008698930717887159
0.5594405594405595 0.0007644011703413717
0.5694305694305695 0.00086619961567575
0.5794205794205795 0.0009895332826433036
0.5894105894105894 0.0008844861154438242
0.5994005994005994 0.0008248146898108608
0.6093906093906094 0.0009515005112283788
0.6193806193806194 0.0009156699323249193
0.6293706293706294 0.0008321241581198423
0.6393606393606394 0.0008706064868578097
0.6493506493506493 0.0008914122684293755
0.6593406593406593 0.000857529166990613
0.6693306693306693 0.0008210513967644552
0.6793206793206794 0.0008731981131568486
0.6893106893106894 0.0008150176412516833
0.6993006993006994 0.0007791096219177026
0.7092907092907094 0.0007852821207266479
0.7192807192807193 0.0008031365510338105
0.7292707292707293 0.0007712782422123638
0.7392607392607393 0.0007418706304279926
0.7492507492507493 0.0007620703120704883
0.7592407592407593 0.000759970732289073
0.7692307692307693 0.0007083863115820154
0.7792207792207793 0.0007201792613603587
0.7892107892107892 0.0007390368149065767
0.7992007992007992 0.0006781737672996056
0.8091908091908092 0.0006733949437435207
0.8191808191808192 0.0007149577824118258
0.8291708291708292 0.0006295602630271718
0.8391608391608392 0.0005468338824877564
0.8491508491508492 0.0008268526488045589
0.8591408591408591 0.0007521409060981552
0.8691308691308692 0.0007144673883093596
0.8791208791208792 0.0006710641836609831
0.8891108891108892 0.000661661629919664
0.8991008991008992 0.0006535175627777181
0.9090909090909092 0.0006459957918545368
0.9190809190809192 0.0006347920305796159
0.9290709290709291 0.0006256722581907267
0.9390609390609391 0.0006231601679966389
0.9490509490509491 0.0006123438241779742
0.9590409590409591 0.0006060885979306393
0.9690309690309691 0.0006011899841791236
0.9790209790209791 0.0005930341011929186
0.989010989010989 0.0005882838710770062
0.999000999000999 0.0005829828859015683
1.008991008991009 0.0005764340152945964
1.0189810189810191 0.0005695188756839677
1.028971028971029 0.0005630673671407258
1.038961038961039 0.0005546185832904891
1.048951048951049 0.0005515459827975255
1.058941058941059 0.0005484865631986121
1.068931068931069 0.000540543817091607
1.078921078921079 0.0005359586156209598
1.088911088911089 0.0005331570079482176
1.098901098901099 0.0005262425795426032
1.1088911088911089 0.0005208731244790737
1.118881118881119 0.0005185268733378403
1.1288711288711288 0.0005123215562266003
1.138861138861139 0.0005075324715342856
1.1488511488511488 0.0005062335853322454
1.158841158841159 0.0004984325741554196
1.168831168831169 0.0004939305296835888
1.1788211788211789 0.0005016719177440233
1.188811188811189 0.00046043108292069827
1.1988011988011988 0.00048151517402211477
1.208791208791209 0.00047501489473886633
1.2187812187812188 0.0004729939402520282
1.228771228771229 0.0004691903823778103
1.2387612387612388 0.00046624646206926867
1.2487512487512489 0.00046272787810974975
1.2587412587412588 0.0004584490668606213
1.2687312687312688 0.0004553742621117593
1.2787212787212787 0.0004520694297288109
1.2887112887112888 0.0004488303896662064
1.2987012987012987 0.0004454843206166754
1.3086913086913088 0.0004414288177278808
1.3186813186813187 0.0004385288884289349
1.3286713286713288 0.0004364025243827891
1.3386613386613386 0.00043216032273498745
1.3486513486513487 0.00042509570213656965
1.3586413586413588 0.0004358886101731798
1.3686313686313687 0.0004251043122226972
1.3786213786213788 0.0004226151074802643
1.3886113886113887 0.00041934281755299726
1.3986013986013988 0.0004159090530614027
1.4085914085914086 0.0004129512475659062
1.4185814185814187 0.000410885380884796
1.4285714285714286 0.00040780394449207655
1.4385614385614387 0.00040386267397015893
1.4485514485514486 0.00040216141897058885
1.4585414585414587 0.0004000882024595974
1.4685314685314685 0.00039661416128894194
1.4785214785214786 0.0003937573748915435
1.4885114885114885 0.00039140520806728074
1.4985014985014986 0.00038903898063714416
1.5084915084915085 0.0003863167420334492
1.5184815184815186 0.00038049568942836337
1.5284715284715285 0.0003885381799270008
1.5384615384615385 0.0003808102391297808
1.5484515484515486 0.0003782503605575321
1.5584415584415585 0.00037443626576467
1.5684315684315686 0.0003728127226519543
1.5784215784215785 0.00037088724810448815
1.5884115884115886 0.0003679349118329866
1.5984015984015985 0.0003649645074686471
1.6083916083916086 0.00036376554542497715
1.6183816183816184 0.0003621666103987324
1.6283716283716285 0.00035892203505686666
1.6383616383616384 0.0003565697010609373
1.6483516483516485 0.0003552766442147505
1.6583416583416584 0.0003533717556426015
1.6683316683316685 0.0003510577966110452
1.6783216783216783 0.00034829018129877706
1.6883116883116884 0.0003444518596171471
1.6983016983016983 0.00035006284288639284
1.7082917082917084 0.0003438112086752506
1.7182817182817183 0.00034216303901678035
1.7282717282717284 0.0003408705095179486
1.7382617382617385 0.00033871766082358323
1.7482517482517483 0.0003365559364113398
1.7582417582417584 0.00033457494710496566
1.7682317682317683 0.00033312894185752586
1.7782217782217784 0.00033245656878599743
1.7882117882117883 0.0003300027310698951
1.7982017982017984 0.00032758879678937864
1.8081918081918082 0.00032717201999505095
1.8181818181818183 0.00032518948166252565
1.8281718281718282 0.00032358778369414454
1.8381618381618383 0.0003221099912751802
1.8481518481518482 0.0003190552976728419
1.8581418581418583 0.00031867606665207394
1.8681318681318682 0.0003094178471420937
1.8781218781218783 0.0003193099704758245
1.8881118881118881 0.000316587909102069
1.8981018981018982 0.0003142330457187508
1.908091908091908 0.00031223050379552086
1.9180819180819182 0.0003108592888412227
1.9280719280719283 0.00031036117233878
1.9380619380619382 0.00030877404066621936
1.9480519480519483 0.0003066204761697227
1.9580419580419581 0.0003056094006412864
1.9680319680319682 0.00030469246023155194
1.978021978021978 0.0003031453230412291
1.9880119880119882 0.000301490308143236
1.998001998001998 0.0003000921033216538
2.007992007992008 0.00029923177645473054
2.017982017982018 0.00029780888562201457
2.027972027972028 0.00029515826791629674
2.0379620379620382 0.0002983252875032222
2.047952047952048 0.00029351973203998495
2.057942057942058 0.0002922983824078417
2.067932067932068 0.00029099835401842975
2.077922077922078 0.0002901807786606773
2.087912087912088 0.0002888334374840011
2.097902097902098 0.0002873042613469794
2.107892107892108 0.00028647829755829046
2.117882117882118 0.0002853942378645271
2.127872127872128 0.00028405780612967836
2.137862137862138 0.00028278732251744255
2.147852147852148 0.0002819310722580401
2.157842157842158 0.0002809504494663195
2.167832167832168 0.0002789676465739568
2.177822177822178 0.00027856762423770316
2.187812187812188 0.00027771770211124243
2.197802197802198 0.00027419727085815877
2.207792207792208 0.00027949390882856255
2.2177822177822177 0.0002744324943050448
2.227772227772228 0.00027288741998860995
2.237762237762238 0.00027205057936220326
2.247752247752248 0.00027140864477984253
2.2577422577422577 0.0002701501991828396
2.267732267732268 0.00026928225742455176
2.277722277722278 0.0002682743052616551
2.2877122877122877 0.0002670632754547102
2.2977022977022976 0.00026654459482697794
2.307692307692308 0.00026542851619147363
2.317682317682318 0.00026425454831780236
2.3276723276723277 0.0002634627438351327
2.337662337662338 0.00026265147024694417
2.347652347652348 0.00026151266089514263
2.3576423576423577 0.00026032042748857256
2.3676323676323676 0.00025957033714347447
2.377622377622378 0.000258475014899451
2.387612387612388 0.0002583402330910106
2.3976023976023977 0.00025742504279905606
2.4075924075924076 0.0002562275002195532
2.417582417582418 0.00025567018943156846
2.4275724275724277 0.0002546063594318525
2.4375624375624376 0.0002535203590673589
2.4475524475524475 0.00025321795203786865
2.457542457542458 0.00025200133206814
2.4675324675324677 0.00025088368851667003
2.4775224775224776 0.00025092795552635635
2.4875124875124874 0.00024920450031575307
2.4975024975024978 0.0002485426971589076
2.5074925074925076 0.0002491314987407209
2.5174825174825175 0.00024644055284763763
2.527472527472528 0.00024567589124229426
2.5374625374625377 0.00024834648512439924
2.5474525474525476 0.0002391291521110341
2.5574425574425574 0.00024447768593985884
2.5674325674325678 0.00024317615190369302
2.5774225774225776 0.00024202989080712234
2.5874125874125875 0.00024188664955989786
2.5974025974025974 0.00024149774607883334
2.6073926073926077 0.00024016331236565369
2.6173826173826176 0.00023954896270568664
2.6273726273726274 0.00023928509909062527
2.6373626373626373 0.00023851253323021258
2.6473526473526476 0.00023704259619717366
2.6573426573426575 0.000237178582202283
2.6673326673326674 0.00023684077213236097
2.6773226773226773 0.00023535445914288765
2.6873126873126876 0.00023496730364453501
2.6973026973026974 0.0002343113996700779
2.7072927072927073 0.0002343172084735383
2.7172827172827176 0.00023459413745202993
2.7272727272727275 0.00023192770163798644
2.7372627372627374 0.0002307855274595774
2.7472527472527473 0.00023088803102607088
2.7572427572427576 0.00023088980369127802
2.7672327672327675 0.00022959029033884723
2.7772227772227773 0.00022892960308548347
2.787212787212787 0.00022885213713454903
2.7972027972027975 0.00022807998965361525
2.8071928071928074 0.000227402388912943
2.8171828171828173 0.00022665030368924604
2.827172827172827 0.0002263089196612933
2.8371628371628375 0.00022581730802929338
2.8471528471528473 0.00022421492109269108
2.857142857142857 0.00022479091218770034
2.867132867132867 0.0002241699240497213
2.8771228771228774 0.00021962700087644504
2.8871128871128873 0.00022803361697930612
2.897102897102897 0.00022366303770705005
2.9070929070929075 0.00022308671207676523
2.9170829170829173 0.00022182496591903315
2.927072927072927 0.000221053983915312
2.937062937062937 0.00022104050427619834
2.9470529470529474 0.00022019976283163534
2.9570429570429573 0.00021939904522093038
2.967032967032967 0.0002191774364645951
2.977022977022977 0.00021887563588116328
2.9870129870129873 0.00021805655719263803
2.997002997002997 0.00021748940922111792
3.006993006993007 0.00021717065902752812
3.016983016983017 0.00021707806308193106
3.0269730269730273 0.00021563346931544131
3.036963036963037 0.00021686309158681474
3.046953046953047 0.00021768103469428133
3.056943056943057 0.00021279226506239324
3.066933066933067 0.0002127360798291
3.076923076923077 0.00021376522646510593
3.086913086913087 0.00021310865020869775
3.0969030969030973 0.00021216228237266432
3.106893106893107 0.00021268380269518029
3.116883116883117 0.00021167196132811675
3.126873126873127 0.00021110860645290303
3.1368631368631372 0.0002115913302090944
3.146853146853147 0.00021031839445289366
3.156843156843157 0.00020988012932301363
3.166833166833167 0.0002101334841896111
3.176823176823177 0.00020912749932500211
3.186813186813187 0.00020927411280723433
3.196803196803197 0.00020851542619384976
3.206793206793207 0.0002078669315266242
3.216783216783217 0.00021040370816445274
3.226773226773227 0.00020397917106800803
3.236763236763237 0.00020556442417500777
3.2467532467532467 0.00020560232306278896
3.256743256743257 0.00020591441575780437
3.266733266733267 0.00020535989359804664
3.276723276723277 0.00020492322025161166
3.286713286713287 0.00020458956427699913
3.296703296703297 0.00020444255479057981
3.306693306693307 0.00020409106179757348
3.3166833166833167 0.00020338712677373284
3.326673326673327 0.00020329556944953205
3.336663336663337 0.00020316000952475452
3.346653346653347 0.00020229193956429773
3.3566433566433567 0.00020234714468692663
3.366633366633367 0.00020265405790013873
3.376623376623377 0.00019878735837660364
3.3866133866133867 0.00020263784732107976
3.3966033966033966 0.00019506280370784138
3.406593406593407 0.0002011775050673812
3.416583416583417 0.00019944731011402935
3.4265734265734267 0.00019963173511501774
3.4365634365634365 0.00019931762271707963
3.446553446553447 0.00019887312967630273
3.4565434565434567 0.000198819799295527
3.4665334665334666 0.00019796874002220188
3.476523476523477 0.00019797160145123318
3.486513486513487 0.0001979631245268417
3.4965034965034967 0.0001970460861895307
3.5064935064935066 0.00019662252681973546
3.516483516483517 0.0001972489565624595
3.5264735264735267 0.00019634261698804313
3.5364635364635366 0.00019542269855859617
3.5464535464535465 0.00019541508835296164
3.556443556443557 0.00019575663391828402
3.5664335664335667 0.00019440770324107384
3.5764235764235766 0.00019539678876076563
3.5864135864135864 0.00019477325072175678
3.5964035964035967 0.00019412894974477567
3.6063936063936066 0.00019379703058402078
3.6163836163836165 0.00019376456109715514
3.6263736263736264 0.000193295481137985
3.6363636363636367 0.00019272526555938309
3.6463536463536466 0.00019312287678762243
3.6563436563436564 0.0001924355884960082
3.6663336663336668 0.0001914338349391528
3.6763236763236766 0.00019250000247744768
3.6863136863136865 0.0001917035432132855
3.6963036963036964 0.00019023584290443475
3.7062937062937067 0.00019141647838961232
3.7162837162837166 0.00019156230247804141
3.7262737262737264 0.00018836057001664217
3.7362637362637363 0.0001916963736984386
3.7462537462537466 0.00019155599092892983
3.7562437562437565 0.0001912349022874289
3.7662337662337664 0.0001906775381752841
3.7762237762237763 0.00018958160058965152
3.7862137862137866 0.00018969686184097423
3.7962037962037964 0.00018976741937507623
3.8061938061938063 0.0001889335050110822
3.816183816183816 0.0001890703809291059
3.8261738261738265 0.00018841739520681502
3.8361638361638364 0.00018829559319489034
3.8461538461538463 0.0001885972100485251
3.8561438561438566 0.0001875853587959737
3.8661338661338664 0.00018748238561662025
3.8761238761238763 0.0001880667393430565
3.886113886113886 0.00018702265430291964
3.8961038961038965 0.00018627361019410744
3.9060939060939064 0.00018364275453916097
3.9160839160839163 0.00018775415000312016
3.926073926073926 0.00018623543672438092
3.9360639360639365 0.00018634611192398353
3.9460539460539463 0.00018620359296465792
3.956043956043956 0.00018551493447085154
3.966033966033966 0.0001859264109244635
3.9760239760239764 0.0001855406950473341
3.9860139860139863 0.00018498312711704763
3.996003996003996 0.0001851089845211895
4.0059940059940065 0.00018528865016469197
4.015984015984016 0.00018404320331938162
4.025974025974026 0.00018468439180699194
4.035964035964036 0.00018497045594366858
4.045954045954046 0.00018365696098563724
4.055944055944056 0.00018328252317519826
4.065934065934067 0.00018459525036618958
4.0759240759240765 0.00018369079520942402
4.085914085914086 0.00018305879273503448
4.095904095904096 0.0001827401874689902
4.105894105894106 0.0001821537877765322
4.115884115884116 0.00018312903817510395
4.125874125874126 0.00018261367074446158
4.135864135864136 0.00018177551226555922
4.1458541458541465 0.00018256095699146309
4.155844155844156 0.00018195100396594375
4.165834165834166 0.00018177243426876623
4.175824175824176 0.00018200918526988208
4.185814185814186 0.00018133298755358405
4.195804195804196 0.00018166758751290098
4.205794205794206 0.0001815178644569667
4.215784215784216 0.0001805859958094298
4.225774225774226 0.00018157157477817533
4.235764235764236 0.00018092193058727717
4.245754245754246 0.0001828601607278774
4.255744255744256 0.0001805740856394473
4.265734265734266 0.00018084224559246858
4.275724275724276 0.0001802717109120378
4.285714285714286 0.0001803142395075707
4.295704295704296 0.00018034458171920702
4.305694305694306 0.00017987193625383218
4.315684315684316 0.0001798464874335074
4.325674325674326 0.0001798490171990952
4.335664335664336 0.00017950931984501794
4.345654345654346 0.00017950844265324497
4.355644355644356 0.00017958255379089732
4.3656343656343655 0.00017909169748586717
4.375624375624376 0.00017888463027748047
4.385614385614386 0.0001794482621858794
4.395604395604396 0.00017826044942304356
4.405594405594406 0.00017952947364343076
4.415584415584416 0.0001763640928785405
4.425574425574426 0.00017907385182098644
4.4355644355644355 0.00017892634817082433
4.445554445554446 0.000178448559492934
4.455544455544456 0.00017808618387322165
4.465534465534466 0.000178574658211165
4.475524475524476 0.00017815947959592032
4.485514485514486 0.00017794712347108163
4.495504495504496 0.00017819360966240513
4.5054945054945055 0.00017772640997877119
4.515484515484515 0.0001777762232498823
4.525474525474526 0.00017788182720154932
4.535464535464536 0.00017760617310514734
4.545454545454546 0.00017735240137207192
4.555444555444556 0.0001774557754541785
4.565434565434566 0.0001774942778575433
4.5754245754245755 0.00017814795008227696
4.585414585414585 0.00017484133564019702
4.595404595404595 0.00017765319118112435
4.605394605394606 0.00017731488045330936
4.615384615384616 0.00017677865787073523
4.625374625374626 0.0001771970401444307
4.635364635364636 0.0001771034574957533
4.6453546453546455 0.00017680206571231674
4.655344655344655 0.0001771326025782391
4.665334665334665 0.00017680186071775117
4.675324675324676 0.0001767808730501248
4.685314685314686 0.00017696186004951766
4.695304695304696 0.00017674687128727297
4.705294705294706 0.00017644541637963616
4.7152847152847155 0.0001767154973020827
4.725274725274725 0.00017678632547418348
4.735264735264735 0.00017440314050663067
4.745254745254745 0.00017741863866382095
4.755244755244756 0.0001766614645029662
4.765234765234766 0.00017685830683602562
4.775224775224776 0.00017648412944781689
4.7852147852147855 0.000176460375078146
4.795204795204795 0.00017658440471118403
4.805194805194805 0.00017640357115877156
4.815184815184815 0.00017650607666642787
4.825174825174826 0.00017645465386437317
4.835164835164836 0.00017608540219804983
4.845154845154846 0.00017666482575654906
4.8551448551448555 0.00017643806529414778
4.865134865134865 0.00017591206333175208
4.875124875124875 0.0001764680272336964
4.885114885114885 0.00017660978148512625
4.895104895104895 0.0001758083545047901
4.905094905094906 0.00017591527646430724
4.915084915084916 0.00017597948686511806
4.9250749250749255 0.0001773920003956203
4.935064935064935 0.00017607886757787066
4.945054945054945 0.00017618356868042432
4.955044955044955 0.00017597089996067996
4.965034965034965 0.0001758921951187477
4.975024975024975 0.00017604346055366497
4.985014985014986 0.00017622686923276094
