0.0 22.490043246000003
0.01 1.4957405621359767
0.02 1.6281737453243803
0.03 1.250884286306014
0.04 0.9494932855899524
0.05 0.5807940751052019
0.06 0.5086459213225787
0.07 0.3910758406510494
0.08 0.2835494430837822
0.09 0.23768938757358565
0.1 0.14595993422797918
0.11 0.19177506440778955
0.12 0.23538641335867735
0.13 0.21286234652145783
0.14 0.34386802193821403
0.15 0.16143243709202817
0.16 0.11781850652984899
0.17 0.19316225875775517
0.18 0.20548323329381024
0.19 0.18999592729293316
0.2 0.19275444442120418
0.21 0.27796703978359427
0.22 0.1671326184497888
0.23 0.13745685732758076
0.24 0.25192585137268314
0.25 0.35875169339253626
0.26 0.6638629141343892
0.27 1.2092770564189113
0.28 2.6889606454311434
0.29 3.313206210139622
0.3 0.63521575846399
0.31 0.3263309056875947
0.32 0.2961271773945492
0.33 0.2625674038911181
0.34 0.232075465018045
0.35 0.1351235431103502
0.36 0.1693811997320596
0.37 0.14338189069767612
0.38 0.1820681367837656
0.39 0.1919169644947236
0.4 0.16554641702651973
0.41 0.1359482978301536
0.42 0.12251570347589913
0.43 0.2269320698374302
0.44 0.09410258784022242
0.45 0.0895310175293808
0.46 0.0894152208078781
0.47 0.09930933124973075
0.48 0.0922466476538682
0.49 0.06630623849655305
0.5 0.0984834590227858
0.51 0.12594641323332953
0.52 0.17770362576728158
0.53 0.17583372214187262
0.54 0.16261102368334357
0.55 0.0885653196098411
0.56 0.06429554232702742
0.57 0.9764477215426547
0.58 0.30887070603528427
0.59 0.1262469482741031
0.6 0.046731769058094966
0.61 0.030510095263575687
0.62 0.007861457110160786
0.63 0.06553071842160303
0.64 0.056392453870660685
0.65 0.066155017704138
0.66 0.047246265259971804
0.67 0.059917455113835436
0.68 0.03130803217452107
0.69 0.023562850658236045
0.7 0.06495193857553858
0.71 0.13238740866948967
0.72 0.10540011963650686
0.73 0.04352308171896663
0.74 0.022209770909906272
0.75 0.025929867371998136
0.76 0.03916259358739945
0.77 0.05206606152656564
0.78 0.01761120233472922
0.79 0.019874209273665098
0.8 0.041147958806847344
0.81 0.06069274290697624
0.82 0.1013428572911011
0.83 0.11802138961375588
0.84 0.12482042671614609
0.85 0.2295495374679882
0.86 0.5496555505044938
0.87 0.035073005988315115
0.88 0.070930130729054
0.89 0.061431526611804364
0.9 0.05523195004012414
0.91 0.048128603050991516
0.92 0.04108312552484408
0.93 0.04805468410180804
0.94 0.04090691755655599
0.95 0.03312820864132957
0.96 0.012415723541507918
0.97 0.020415233299200898
0.98 0.03330630030259209
0.99 0.02931272392996363
1.0 0.03331421325655849
1.01 0.062294221956732225
1.02 0.047379569701762256
1.03 0.04320768943448943
1.04 0.026020036697824555
1.05 0.020862555686907307
1.06 0.017590928342833056
1.07 0.025835667439511767
1.08 0.032664661716127016
1.09 0.02113171308431077
1.1 0.009703337271918187
1.11 0.023369540075810196
1.12 0.01310722406943017
1.13 0.03525973439219512
1.14 0.1685336100551666
1.15 0.18072007791603656
1.16 0.041738030615335646
1.17 0.032449099888063285
1.18 0.03914092898805399
1.19 0.04993849268781508
1.2 0.01749458851260154
1.21 0.016279503257766247
1.22 0.012110774413784968
1.23 0.027380939676694478
1.24 0.014462495053319499
1.25 0.01027521345798366
1.26 0.02485363078757872
1.27 0.010172954007362744
1.28 0.0474452467713685
1.29 0.03123112470464799
1.3 0.03520939982273165
1.31 0.02467316052487523
1.32 0.0070537679637232
1.33 0.022288032056626394
1.34 0.04100856868208289
1.35 0.040880102007643734
1.36 0.03739612430857173
1.37 0.03721350946820645
1.38 0.028890858859755203
1.39 0.043824051749553505
1.4 0.07194058293065855
1.41 0.08959396509066325
1.42 0.06448084068718554
1.43 0.3992618573760295
1.44 0.10208984564576513
1.45 0.06872258856339734
1.46 0.01252968066744408
1.47 0.022048000118448343
1.48 0.023774029062057986
1.49 0.027841200478731093
1.5 0.022311628899190087
1.51 0.016759298681503342
1.52 0.004239566977405473
1.53 0.011788448319638118
1.54 0.022030376721347025
1.55 0.03333857946865359
1.56 0.041738859008687644
1.57 0.08020710076673863
1.58 0.042836143478503244
1.59 0.0301599765334554
1.6 0.024072292675626838
1.61 0.023515132285993404
1.62 0.018124205033294406
1.63 0.016804901689719726
1.64 0.003857019020738927
1.65 0.01656386004341498
1.66 0.02194291164790657
1.67 0.030351945749317842
1.68 0.028242999504026776
1.69 0.015536460770026787
1.7 0.02640350329112304
1.71 0.03810663490375162
1.72 0.07636108222744034
1.73 0.021262111810153094
1.74 0.018636306316082443
1.75 0.026647003412586048
1.76 0.02342160701490782
1.77 0.022261355281801835
1.78 0.009892238049647962
1.79 0.005233605673693472
1.8 0.0066953679872205725
1.81 0.013773242240473296
1.82 0.022901043938180106
1.83 0.019927740854905812
1.84 0.005961312648258259
1.85 0.019917083123550745
1.86 0.05256508280090793
1.87 0.02346304186385889
1.88 0.031497030247507274
1.89 0.023865745008543188
1.9 0.0257127027669297
1.91 0.025647026396575352
1.92 0.03065299222607951
1.93 0.03830910970166414
1.94 0.028780734876252285
1.95 0.02583342563536225
1.96 0.014375757332982263
1.97 0.015805373043833573
1.98 0.021324738341609056
1.99 0.02151999475015932
2.0 0.12608889066456436
2.01 0.07592942737623011
2.02 0.027211260903879344
2.03 0.015914702744118867
2.04 0.013707585062236263
2.05 0.0021737175637606934
2.06 0.018165157835713302
2.07 0.025050341033186218
2.08 0.037428273106418976
2.09 0.029996822621414853
2.1 0.030972219784043777
2.11 0.012471867957142781
2.12 0.021579719272050372
2.13 0.047763793327234086
2.14 0.09174151397678436
2.15 0.06708897393444845
2.16 0.02445869553546652
2.17 0.02553857188295891
2.18 0.014858205832041251
2.19 0.005692980324955096
2.2 0.023094014484510705
2.21 0.027715627093058602
2.22 0.023865632678029887
2.23 0.008241162766048445
2.24 0.014999456224716053
2.25 0.021230924293986243
2.26 0.04995110888724702
2.27 0.05058412220243667
2.28 0.08231307500734414
2.29 0.20274056032218843
2.3 0.03931510864385917
2.31 0.036882267220462304
2.32 0.026229118900923828
2.33 0.019503484048982403
2.34 0.017339822475109155
2.35 0.01383136627541275
2.36 0.006408705785291165
2.37 0.012229833875652386
2.38 0.01662886022543952
2.39 0.030578278553681126
2.4 0.03050126799014418
2.41 0.025182224143380845
2.42 0.008558779931373602
2.43 0.08329971830251297
2.44 0.03615896738883562
2.45 0.016336575117433316
2.46 0.011660046848942179
2.47 0.021378564127787096
2.48 0.016642442207969836
2.49 0.011398304970803196
2.5 0.013312171749916153
2.51 0.018411932678157265
2.52 0.03713885703003004
2.53 0.028280276117440876
2.54 0.0136406492240413
2.55 0.026087661668043757
2.56 0.030985263805674332
2.57 0.18131092909395177
2.58 0.1627500833140093
2.59 0.01740014114993331
2.6 0.02215573099965575
2.61 0.012713386170278765
2.62 0.010595125023811856
2.63 0.008818962601037436
2.64 0.011067542741930152
2.65 0.017081695694239556
2.66 0.011521022315188768
2.67 0.017469987810812306
2.68 0.01674855687988916
2.69 0.017690206116284034
2.7 0.03375286751141025
2.71 0.04668242446378195
2.72 0.06755580201383025
2.73 0.024751711891730102
2.74 0.020111007829491146
2.75 0.025927929529333052
2.76 0.008095927380005596
2.77 0.009243341526094346
2.78 0.0017924425871394662
2.79 0.007350529708427369
2.8 0.011896239270620095
2.81 0.01163899530974515
2.82 0.013061971871503774
2.83 0.009796970481216957
2.84 0.01492155114317565
2.85 0.016727544047778237
2.86 0.07284563355098457
2.87 0.025215682445589825
2.88 0.01778321360836258
2.89 0.013679627009694465
2.9 0.01374680503646839
2.91 0.0038262475507501595
2.92 0.010498856660366214
2.93 0.005637919846080238
2.94 0.012234166699786315
2.95 0.014150756205088504
2.96 0.012993051486520133
2.97 0.00463761432691055
2.98 0.0031357652715470596
2.99 0.005985524307036409
3.0 0.0635579486933329
3.01 0.04426371062840976
3.02 0.012529886596459879
3.03 0.005979499961489769
3.04 0.005038822774107949
3.05 0.008927677888685311
3.06 0.003203221570434891
3.07 0.009772017794578054
3.08 0.012237324621710387
3.09 0.01696957417982103
3.1 0.02358396665800902
3.11 0.0024692086800306096
3.12 0.022549372306494463
3.13 0.032964804943199234
3.14 0.11217868990396278
3.15 0.1606400141818894
3.16 0.01145750857968329
3.17 0.02070080813799663
3.18 0.015891665880193428
3.19 0.011008326789686664
3.2 0.019238063452125108
3.21 0.009946425971710107
3.22 0.010428254648974266
3.23 0.006879017714467435
3.24 0.01104948450794274
3.25 0.00690594238101241
3.26 0.018571068574418245
3.27 0.014701268922931323
3.28 0.009349971413547011
3.29 0.08717628075175425
3.3 0.02796123911123082
3.31 0.013980574579762225
3.32 0.012333963226785451
3.33 0.01225028780897042
3.34 0.01007759840685304
3.35 0.006727301407861459
3.36 0.01506024864822699
3.37 0.00912074486360633
3.38 0.004589112391411704
3.39 0.0131574660295296
3.4 0.014121922167213096
3.41 0.011400375642671726
3.42 0.02162476487851686
3.43 0.0301674276604914
3.44 0.014670998288864517
3.45 0.008845259372829003
3.46 0.002663884081204899
3.47 0.006968696318920422
3.48 0.011774850709913371
3.49 0.008545623631314671
3.5 0.005985790404214189
3.51 0.017862710977794353
3.52 0.013083495455785006
3.53 0.007600247545556819
3.54 0.0062142529091161304
3.55 0.02803908690261298
3.56 0.004999381769499981
3.57 0.05662945598709206
3.58 0.05961231441823324
3.59 0.008125570312883528
3.6 0.017206396907274126
3.61 0.014065687869531648
3.62 0.003911822387161515
3.63 0.00577900421653162
3.64 0.016543466661238886
3.65 0.01665366300534253
3.66 0.006698818870645499
3.67 0.009771447783862044
3.68 0.02018194342986476
3.69 0.02010726580929929
3.7 0.023899987584547054
3.71 0.026496738143347062
3.72 0.0860543175369482
3.73 0.009862994903388652
3.74 0.014511296627574497
3.75 0.00967264358357595
3.76 0.005336654722507103
3.77 0.0019512040039560234
3.78 0.018408664532333134
3.79 0.01567097187720895
3.8 0.0032546839879054206
3.81 0.010055960124772638
3.82 0.014722825093344523
3.83 0.011547983179066874
3.84 0.011856621565939926
3.85 0.026476940543159
3.86 0.030427565960380366
3.87 0.018705650270219733
3.88 0.004610270966606882
3.89 0.0214208322993441
3.9 0.013021718053290143
3.91 0.02756092368241904
3.92 0.009358330733856337
3.93 0.004899345891827388
3.94 0.016010605426794947
3.95 0.010715998768045227
3.96 0.005498923535089668
3.97 0.011713824085046285
3.98 0.0127609100710492
3.99 0.014792242452162277
4.0 0.05526525235493602
4.01 0.023536551779996858
4.02 0.011045385164144977
4.03 0.006003766479743748
4.04 0.008912900024108834
4.05 0.013774746854006106
4.06 0.005808306462765242
4.07 0.0016015292006187425
4.08 0.017852225721834356
4.09 0.016098112678405756
4.1 0.008809089804551655
4.11 0.010098568570945113
4.12 0.009416085201901953
4.13 0.015735009526326012
4.14 0.015566045323670464
4.15 0.04298397778397428
4.16 0.024121803929663097
4.17 0.028634983810944488
4.18 0.01460268261549314
4.19 0.015918038996526298
4.2 0.016797527586340424
4.21 0.012603365401321533
4.22 0.01145848828681786
4.23 0.006646920961442669
4.24 0.008442297917140785
4.25 0.016913259735416925
4.26 0.012312263901431034
4.27 0.025887741804619502
4.28 0.022389903421815696
4.29 0.016264433964852918
4.3 0.025008189490576194
4.31 0.023570222928494998
4.32 0.01496723299201169
4.33 0.0060166921479843
4.34 0.008551194954388965
4.35 0.008083558541690676
4.36 0.013089591171840928
4.37 0.002903816083050493
4.38 0.011334219797063365
4.39 0.013107006732274985
4.4 0.005353785657978915
4.41 0.0019070471797288159
4.42 0.0543491922457268
4.43 0.039340253683484504
4.44 0.058807738552032134
4.45 0.023125420149507105
4.46 0.013158702303110918
4.47 0.01557854769711464
4.48 0.011118718774796052
4.49 0.02043809395992697
4.5 0.022611386415796197
4.51 0.009406316239298643
4.52 0.01176373650079011
4.53 0.007903018888188167
4.54 0.00557935687072405
4.55 0.0068083527656193155
4.56 0.032926063174567574
4.57 0.014306377373184825
4.58 0.043954673784352596
4.59 0.02561503102409805
4.6 0.026207796648658323
4.61 0.02707038574913023
4.62 0.02790906189161388
4.63 0.026190096388590982
4.64 0.008003885572938534
4.65 0.011101654665705302
4.66 0.01774423460533466
4.67 0.012079213487848224
4.68 0.018050860165404158
4.69 0.022509305138868188
4.7 0.04089729163925002
4.71 0.016008367384761333
4.72 0.038366788935862615
4.73 0.0040187971645018845
4.74 0.009871132085194812
4.75 0.011473325861495944
4.76 0.0038478061594758952
4.77 0.014199652480464375
4.78 0.003254156740904738
4.79 0.011042842950008338
4.8 0.018469700320433362
4.81 0.01866408689965465
4.82 0.019287660866080348
4.83 0.01753098170377281
4.84 0.017005872990977923
4.85 0.04529875463855954
4.86 0.006344180614017041
4.87 0.0095132523423705
4.88 0.007406891282689369
4.89 0.01548468110354848
4.9 0.009274754466474862
4.91 0.005115554447841646
4.92 0.008766354798485398
4.93 0.020140424037948867
4.94 0.017513237316190113
4.95 0.016675960359318065
4.96 0.015049466287266862
4.97 0.011157054386967786
4.98 0.018750713103753244
4.99 0.02267581910607868
