0.0 0.017851462098145247
0.01 0.03920655554252978
0.02 0.03547435336465663
0.03 0.0313462710940749
0.04 0.01785235402363021
0.05 0.0579650956190286
0.06 0.14578700069020617
0.07 0.6019775141579452
0.08 0.43991758523705976
0.09 0.146325839129542
0.1 0.06422833152541066
0.11 0.0310259729316566
0.12 0.013250835640126574
0.13 0.008538819920702405
0.14 0.010512792660686915
0.15 0.021118020646473314
0.16 0.019490092463331284
0.17 0.013674952429552023
0.18 0.012271256234436438
0.19 0.00819133898929247
0.2 0.005842412115907872
0.21 0.007575597431196423
0.22 0.050247826811988076
0.23 0.015621536821626373
0.24 0.006208732535991094
0.25 0.0005440348302017587
0.26 0.0004587143421693012
0.27 0.002305432717374325
0.28 0.0029782690873334885
0.29 0.004030004053758388
0.3 0.0012373780205635855
0.31 0.0013124811998394695
0.32 0.0017086660833516615
0.33 0.0020692148478661785
0.34 0.0016300510106986334
0.35 0.0016255943762164128
0.36 0.000927944283977858
0.37 0.004886902454133908
0.38 0.000832296493043271
0.39 0.0005556067298252658
0.4 0.0008951755962687835
0.41 0.0008910233508676234
0.42 0.001003249537724913
0.43 0.001070190774018389
0.44 0.0014530039999441525
0.45 0.0006873700380197911
0.46 0.0007099416882044024
0.47 0.0008286336177066419
0.48 0.0008651665124907468
0.49 0.000872330287942826
0.5 0.000899192604784501
0.51 0.0008284193534170637
0.52 0.000739706342892406
0.53 0.0006799231320155107
0.54 0.0007078536122471106
0.55 0.0007269850261641885
0.56 0.0007237680726305827
0.57 0.0007092645847700465
0.58 0.000645732959586768
0.59 0.0006770659125742095
0.6 0.0006300745759627224
0.61 0.0006239141199798653
0.62 0.0006130895696691514
0.63 0.0006099235984312533
0.64 0.0006063165578826769
0.65 0.0006142886223149701
0.66 0.0005686650803998619
0.67 0.0005557914511113282
0.68 0.0004942933896942135
0.69 0.0005185352470788063
0.7 0.0005229466403314253
0.71 0.0005147189096726029
0.72 0.0004996793023359235
0.73 0.000473298810815127
0.74 0.00049343504395152
0.75 0.0004621122809741234
0.76 0.000462500426107021
0.77 0.0004547027743297617
0.78 0.0004506581916693725
0.79 0.0004438755915348708
0.8 0.0004565250666649879
0.81 0.00041126780444969066
0.82 0.00045423050809798303
0.83 0.0004125168497767533
0.84 0.0003978977530100151
0.85 0.000400173128085558
0.86 0.00039592664721557167
0.87 0.0003930734716259894
0.88 0.00037502174316077284
0.89 0.00038999290641504375
0.9 0.00037112000266398813
0.91 0.00036295928212204826
0.92 0.0003625587680954118
0.93 0.0003587832000641646
0.94 0.0003543575207249332
0.95 0.00034290015811774165
0.96 0.00034639415580214585
0.97 0.0003380504514536831
0.98 0.00033707871633364945
0.99 0.0003347247830387933
1.0 0.00032888758137154524
1.01 0.00032364849076708626
1.02 0.0003198897233444746
1.03 0.0003197355460966777
1.04 0.00031232805081805653
1.05 0.0003132412538480304
1.06 0.00030840710623692937
1.07 0.000303795796636388
1.08 0.00030067823456053394
1.09 0.0002978800778681895
1.1 0.0002928134468638284
1.11 0.0002909863360113041
1.12 0.000287717367364579
1.13 0.0002865654327771666
1.14 0.0002824634676213872
1.15 0.00027914852580635224
1.16 0.0002762639609743052
1.17 0.0002746559959067906
1.18 0.0002720186372490803
1.19 0.0002665335649864282
1.2 0.00026372179989290557
1.21 0.00026452449418414096
1.22 0.0002621071050402021
1.23 0.0002594941298098465
1.24 0.00025539685407564177
1.25 0.000254183621474492
1.26 0.0002534459353807237
1.27 0.00025012819701215346
1.28 0.0002454392069834531
1.29 0.00024487743224357335
1.3 0.00024248145959449604
1.31 0.00024126930435791944
1.32 0.00023833988215176067
1.33 0.00023668508541022258
1.34 0.00023587113274882606
1.35 0.0002346454725726434
1.36 0.00023171496973020827
1.37 0.00022917125484437297
1.38 0.00022781572438841736
1.39 0.00022609089503211017
1.4 0.0002238672882746888
1.41 0.0002230467967799663
1.42 0.00022116541758549407
1.43 0.00021925234848595157
1.44 0.00021750677754104057
1.45 0.00021612958451117933
1.46 0.00021390034102731898
1.47 0.0002133720066387757
1.48 0.0002119003432745257
1.49 0.0002099967156538046
1.5 0.00020722728078651702
1.51 0.0002061326751907827
1.52 0.00020554618925738374
1.53 0.00020391699065410153
1.54 0.00020226990183517968
1.55 0.0002018449655043727
1.56 0.00019947531816515046
1.57 0.00019816010640192808
1.58 0.0001981281080363023
1.59 0.0001961248333518655
1.6 0.0001946472735666525
1.61 0.00019355484145328256
1.62 0.00019325048315571336
1.63 0.00019056640498668563
1.64 0.00019020723629679365
1.65 0.00018960791004977073
1.66 0.00018784202846191308
1.67 0.00018647627017048292
1.68 0.00018547884175689486
1.69 0.00018412345730983945
1.7 0.00018349785358525673
1.71 0.00018207893837622534
1.72 0.00018203654712564484
1.73 0.00017988685733444788
1.74 0.00017875323204379767
1.75 0.000177970733524663
1.76 0.00017736441212751585
1.77 0.00017501648616912802
1.78 0.0001751346657490214
1.79 0.00017370808543777655
1.8 0.0001726146919282622
1.81 0.00017250900658670533
1.82 0.0001710457516351402
1.83 0.00017009778888903084
1.84 0.0001698078234704028
1.85 0.00016809332858148173
1.86 0.0001680521367026694
1.87 0.00016635234124050402
1.88 0.00016524758234006155
1.89 0.00016490243375654083
1.9 0.00016442071060176846
1.91 0.00016310707419916687
1.92 0.00016266266042339877
1.93 0.00016187920949099798
1.94 0.00016120488590291716
1.95 0.0001599652218027382
1.96 0.00015886320926897728
1.97 0.00015862673570304477
1.98 0.00015782943961732844
1.99 0.00015734375499887375
2.0 0.00015616819187279558
2.01 0.00015558492651783712
2.02 0.0001547378187765369
2.03 0.000154030181597561
2.04 0.00015351810131249269
2.05 0.0001524807031744987
2.06 0.00015203582851753926
2.07 0.0001515932747702264
2.08 0.000150573238940044
2.09 0.00014979527009705235
2.1 0.00014981921863744342
2.11 0.00014882417114488693
2.12 0.00014831094789893886
2.13 0.00014754136826228818
2.14 0.00014643933849462176
2.15 0.0001464892105609431
2.16 0.00014538621051079213
2.17 0.00014480636462788963
2.18 0.00014472464397646755
2.19 0.00014402396739905942
2.2 0.00014325969506428677
2.21 0.00014281295793456772
2.22 0.0001419822963679334
2.23 0.00014156538203670158
2.24 0.00014092047345842112
2.25 0.0001401268842556289
2.26 0.00014002829202922783
2.27 0.00013918525445765872
2.28 0.000138843356190349
2.29 0.0001382042491781772
2.3 0.00013756581979936902
2.31 0.00013716807818059913
2.32 0.00013682270607863334
2.33 0.00013633907767040293
2.34 0.0001355300666394178
2.35 0.00013523660318945396
2.36 0.00013468620488885858
2.37 0.00013407798329313834
2.38 0.00013363055240543504
2.39 0.00013342132407635602
2.4 0.00013261427120544284
2.41 0.0001321036823164517
2.42 0.00013176117794518763
2.43 0.00013119596918699522
2.44 0.00013092404552837784
2.45 0.00013034443310887915
2.46 0.00013006722908764654
2.47 0.00012954436299211558
2.48 0.00012884664856126693
2.49 0.0001284376896255115
2.5 0.00012819617496655106
2.51 0.00012765112815696762
2.52 0.00012731420737530042
2.53 0.00012690996565603224
2.54 0.00012640579628979767
2.55 0.00012619963657486575
2.56 0.00012561308143059692
2.57 0.00012529292475745764
2.58 0.00012478536417542693
2.59 0.00012451218771054333
2.6 0.00012413533509181803
2.61 0.0001237341784820936
2.62 0.00012334564640820804
2.63 0.0001228068512493717
2.64 0.00012268310240621646
2.65 0.00012207705251540333
2.66 0.00012183762592414264
2.67 0.00012147677426247785
2.68 0.0001211043174020852
2.69 0.00012068590161207938
2.7 0.0001203273868833195
2.71 0.00012008931564353804
2.72 0.00011962709084463844
2.73 0.00011949262802759961
2.74 0.0001189547822756779
2.75 0.00011871857770642275
2.76 0.00011824704499736913
2.77 0.00011785904998048405
2.78 0.00011780943617338847
2.79 0.00011749862276758179
2.8 0.000117042498409598
2.81 0.00011679619672449627
2.82 0.00011638319439188284
2.83 0.00011616003090773282
2.84 0.0001158026262654341
2.85 0.00011546568944992485
2.86 0.00011518491085460871
2.87 0.00011494136456603624
2.88 0.00011457436324015393
2.89 0.00011433923000863341
2.9 0.0001139271748899514
2.91 0.00011376645467302798
2.92 0.00011348895075122414
2.93 0.00011310245309152856
2.94 0.00011266405136656418
2.95 0.00011261795070390447
2.96 0.00011224216371268036
2.97 0.00011208066152430574
2.98 0.00011168509200246599
2.99 0.00011148980667776823
3.0 0.00011122361923209797
3.01 0.00011095841234901315
3.02 0.00011066982307365573
3.03 0.0001103521543777728
3.04 0.00011012627640401646
3.05 0.00010993305903380259
3.06 0.0001095820590451781
3.07 0.00010946041769884536
3.08 0.00010918744479701324
3.09 0.00010897144969403893
3.1 0.00010864762846827042
3.11 0.00010838779947593926
3.12 0.00010815854791380023
3.13 0.00010794357071890041
3.14 0.00010765563863154248
3.15 0.00010745776127674992
3.16 0.00010726123261842452
3.17 0.0001069701729886621
3.18 0.00010684201395295532
3.19 0.00010652701349315381
3.2 0.00010633679666320863
3.21 0.00010617445761204825
3.22 0.00010581364670069927
3.23 0.00010561223256265123
3.24 0.00010548365122385443
3.25 0.00010523929066070102
3.26 0.00010510179008917816
3.27 0.00010481185842971968
3.28 0.00010464103686557673
3.29 0.00010442127317709892
3.3 0.00010425730864478691
3.31 0.0001040098558109478
3.32 0.00010384327846700327
3.33 0.00010358551252398056
3.34 0.00010347903736867343
3.35 0.00010323178438914386
3.36 0.00010302390032486637
3.37 0.00010286409063543955
3.38 0.00010267396675205662
3.39 0.00010246953706598623
3.4 0.00010229446905421456
3.41 0.00010208980203762728
3.42 0.00010194025538533326
3.43 0.0001017339340277243
3.44 0.0001016139065124989
3.45 0.00010136966275326164
3.46 0.00010117863718751365
3.47 0.00010103173873736329
3.48 0.00010088732288076599
3.49 0.00010067562122907654
3.5 0.0001005379943104146
3.51 0.00010036127981807729
3.52 0.00010020853779765359
3.53 0.000100080387685663
3.54 9.987207525612518e-05
3.55 9.972713846048443e-05
3.56 9.954957676403644e-05
3.57 9.939562673581385e-05
3.58 9.925594975182896e-05
3.59 9.908335513455558e-05
3.6 9.894052266646066e-05
3.61 9.881651010624499e-05
3.62 9.86528850484275e-05
3.63 9.848888952800163e-05
3.64 9.835961734871375e-05
3.65 9.820756886684605e-05
3.66 9.804007999189228e-05
3.67 9.79395768634819e-05
3.68 9.7770826649421e-05
3.69 9.763674283941258e-05
3.7 9.749835683066871e-05
3.71 9.734978364210714e-05
3.72 9.723443296289503e-05
3.73 9.709683436278387e-05
3.74 9.695068615095518e-05
3.75 9.681698620077541e-05
3.76 9.669380113602327e-05
3.77 9.657233225904066e-05
3.78 9.644504822229152e-05
3.79 9.629910209690348e-05
3.8 9.617612894752923e-05
3.81 9.607729572395529e-05
3.82 9.592460946951386e-05
3.83 9.581259681483544e-05
3.84 9.570399269625619e-05
3.85 9.557102998703217e-05
3.86 9.548702782784198e-05
3.87 9.534672793583617e-05
3.88 9.523543493136583e-05
3.89 9.511273300092621e-05
3.9 9.500101987997598e-05
3.91 9.490124166400152e-05
3.92 9.478549508162539e-05
3.93 9.468909288833728e-05
3.94 9.459174351607612e-05
3.95 9.447154147568342e-05
3.96 9.437412146843067e-05
3.97 9.427638612005209e-05
3.98 9.415267922779314e-05
3.99 9.404665972584077e-05
4.0 9.395865094505883e-05
4.01 9.387003392821696e-05
4.02 9.375390764241329e-05
4.03 9.366621893561979e-05
4.04 9.357610397881235e-05
4.05 9.349403269140115e-05
4.06 9.338734413879609e-05
4.07 9.3300276539754e-05
4.08 9.319303068886168e-05
4.09 9.310287501933348e-05
4.1 9.303239734700317e-05
4.11 9.293115799839126e-05
4.12 9.283543311079986e-05
4.13 9.27709141439984e-05
4.14 9.269495653870147e-05
4.15 9.261604773825681e-05
4.16 9.250513565196457e-05
4.17 9.244489809034433e-05
4.18 9.235882983212673e-05
4.19 9.228062429276366e-05
4.2 9.220598596103844e-05
4.21 9.213175859519967e-05
4.22 9.204577586533006e-05
4.23 9.197750750253178e-05
4.24 9.191035323432006e-05
4.25 9.182476955603925e-05
4.26 9.176009105459145e-05
4.27 9.169902005659894e-05
4.28 9.162266685777932e-05
4.29 9.155529928063958e-05
4.3 9.148092072030409e-05
4.31 9.14207670948224e-05
4.32 9.13507610308171e-05
4.33 9.12949895935582e-05
4.34 9.12276161270014e-05
4.35 9.115748289963092e-05
4.36 9.10976071698618e-05
4.37 9.104569237295361e-05
4.38 9.099013626222909e-05
4.39 9.092661978370991e-05
4.4 9.087908967035603e-05
4.41 9.081279638091332e-05
4.42 9.076532265413423e-05
4.43 9.071124198087207e-05
4.44 9.065022926885368e-05
4.45 9.059891948271309e-05
4.46 9.055533605810747e-05
4.47 9.050514158935094e-05
4.48 9.04509763233616e-05
4.49 9.04082288011627e-05
4.5 9.03610368213701e-05
4.51 9.031536431479608e-05
4.52 9.026582825304753e-05
4.53 9.022386630189199e-05
4.54 9.01833401811557e-05
4.55 9.013557185466481e-05
4.56 9.010086363932426e-05
4.57 9.005366805498362e-05
4.58 9.001740820357274e-05
4.59 8.998109039511406e-05
4.6 8.994481499314013e-05
4.61 8.990349115449325e-05
4.62 8.987318150406574e-05
4.63 8.983673257179001e-05
4.64 8.980235171615722e-05
4.65 8.977182553970664e-05
4.66 8.973864671531718e-05
4.67 8.970966888448052e-05
4.68 8.967867773960508e-05
4.69 8.965050382433312e-05
4.7 8.962049480813243e-05
4.71 8.959655815697677e-05
4.72 8.957044284860932e-05
4.73 8.954302124640564e-05
4.74 8.951792904401512e-05
4.75 8.949475707555545e-05
4.76 8.94743033208231e-05
4.77 8.945115966027684e-05
4.78 8.943205338907483e-05
4.79 8.941063995179896e-05
4.8 8.939313278252405e-05
4.81 8.93748277468894e-05
4.82 8.935877491108748e-05
4.83 8.934295041492951e-05
4.84 8.93268989935869e-05
4.85 8.931443202117446e-05
4.86 8.929958178530967e-05
4.87 8.928718162515361e-05
4.88 8.92767512887042e-05
4.89 8.926717770887734e-05
4.9 8.925621466444682e-05
4.91 8.924860186141319e-05
4.92 8.92405919863185e-05
4.93 8.923363543403379e-05
4.94 8.922817781807245e-05
4.95 8.922209922385235e-05
4.96 8.921887461746756e-05
4.97 8.92154306849386e-05
4.98 8.921300355118445e-05
4.99 8.921171330542252e-05
